name,n,objective_model,objective_baseline,penalty,mip_status,runtime_sec,time_to_best_sec,mip_gap,x_bits,z_bits,sum_z,presolve,trajectory,seed,preconditioner_family,layers,sweeps
baseline,12,29.140714249706,29.140714249706,,2,0.08606505393981934,0.03477311134338379,0.0,101001100011,+-+--++---++,0,True,"[[0.000235, 40.54893686], [0.015375, 39.67389112], [0.015623, 29.57119286], [0.034773, 29.14071425]]",0,quantum,1,
precond_pen=1.100,12,-0.974717585699997,29.140714249706,1.1,2,0.047238826751708984,0.007298946380615234,0.0,010110011100,-+-++--+++--,0,True,"[[0.000148, 40.54893686], [0.006268, 35.7788849], [0.006815, 34.82356672], [0.007152, 32.21712111], [0.007299, 29.14071425]]",0,quantum,1,
precond_pen=1.200,12,-0.9174056818249996,29.140714249706,1.2,2,0.13632798194885254,0.00766301155090332,0.0,101001100011,+-+--++---++,0,True,"[[0.000158, 40.54893686], [0.006857, 36.51630834], [0.007391, 35.2333157], [0.00756, 35.01437711], [0.007663, 29.14071425]]",0,quantum,1,
precond_pen=1.300,12,-0.8714128983670006,29.140714249706,1.3,2,0.09274792671203613,0.007858037948608398,0.0,101001100011,+-+--++---++,0,True,"[[0.000185, 40.54893686], [0.007058, 38.66423579], [0.00759, 38.38503088], [0.007761, 35.01437711], [0.007858, 29.14071425]]",0,quantum,1,
precond_pen=1.400,12,-0.8336771541109975,29.140714249706,1.4,2,0.09140610694885254,0.007133960723876953,0.0,101001100011,+-+--++---++,0,True,"[[0.000154, 40.54893686], [0.006413, 37.93694672], [0.006861, 36.86684962], [0.007026, 30.5542826], [0.007134, 29.14071425]]",0,quantum,1,
precond_pen=1.500,12,-0.8021515891379982,29.140714249706,1.5,2,0.05413103103637695,0.006515979766845703,0.0,101001100011,+-+--++---++,0,True,"[[0.000162, 40.54893686], [0.006322, 30.5542826], [0.006516, 29.14071425]]",0,quantum,1,
precond_pen=1.600,12,-0.7754154958429993,29.140714249706,1.6,2,0.09859204292297363,0.009688854217529297,0.0,101001100011,+-+--++---++,0,True,"[[0.000204, 40.54893686], [0.009333, 30.5542826], [0.009689, 29.14071425]]",0,quantum,1,
precond_pen=1.700,12,-0.7524516575469997,29.140714249706,1.7,2,0.07644104957580566,0.007910013198852539,0.0,101001100011,+-+--++---++,0,True,"[[0.000167, 40.54893686], [0.007391, 33.37836624], [0.007772, 30.5542826], [0.00791, 29.14071425]]",0,quantum,1,
precond_pen=1.800,12,-4.563297024450001,29.140714249706,1.8,2,0.03203010559082031,0.007843017578125,0.0,010110011100,-+-++--+++--,0,True,"[[0.00017, 40.54893686], [0.007346, 31.9742864], [0.007693, 30.96296871], [0.007843, 29.14071425]]",0,quantum,1,
precond_pen=1.900,12,-4.437741414495001,29.140714249706,1.9,2,0.031150102615356445,0.008192062377929688,0.0,010110011100,-+-++--+++--,0,True,"[[0.000147, 40.54893686], [0.006585, 39.74321784], [0.007121, 38.38503088], [0.007869, 30.96296871], [0.008192, 29.14071425]]",0,quantum,1,
precond_pen=2.000,12,-4.294640765807002,29.140714249706,2.0,2,0.019593000411987305,0.007397174835205078,0.0,010110011100,-+-++--+++--,0,True,"[[0.000163, 40.54893686], [0.005884, 39.74321784], [0.00639, 38.38503088], [0.00712, 30.96296871], [0.007397, 29.14071425]]",0,quantum,1,
baseline,12,30.928934237627995,30.928934237628017,,2,0.05994606018066406,0.0072460174560546875,0.0,111010001001,+++-+---+--+,0,True,"[[0.00017, 38.00991951], [0.005923, 36.19647818], [0.006803, 35.58160603], [0.007246, 30.92893424]]",1,quantum,1,
precond_pen=1.100,12,-1.0115112672149973,30.928934237628017,1.1,2,0.026674985885620117,0.00824880599975586,0.0,111010001001,+++-+---+--+,0,True,"[[0.00017, 38.00991951], [0.007435, 36.97040327], [0.007972, 35.58160603], [0.008249, 30.92893424]]",1,quantum,1,
precond_pen=1.200,12,-0.9497886640600015,30.928934237628017,1.2,2,0.029288053512573242,0.007812023162841797,0.0,111010001001,+++-+---+--+,0,True,"[[0.000161, 38.00991951], [0.006993, 36.97040327], [0.007544, 35.58160603], [0.007812, 30.92893424]]",1,quantum,1,
precond_pen=1.300,12,-0.900313425404998,30.928934237628017,1.3,2,0.03630805015563965,0.008437156677246094,0.0,000101110110,---+-+++-++-,0,True,"[[0.000159, 38.00991951], [0.008168, 37.66657305], [0.008437, 30.92893424]]",1,quantum,1,
precond_pen=1.400,12,-0.8597603489140004,30.928934237628017,1.4,2,0.03145790100097656,0.007812976837158203,0.0,111010001001,+++-+---+--+,0,True,"[[0.000169, 38.00991951], [0.007172, 36.51808697], [0.007461, 35.58160603], [0.007684, 35.64843307], [0.007813, 30.92893424]]",1,quantum,1,
precond_pen=1.500,12,-0.8259100986699988,30.928934237628017,1.5,2,0.02984309196472168,0.008356094360351562,0.0,111010001001,+++-+---+--+,0,True,"[[0.000165, 38.00991951], [0.0074, 36.2513816], [0.00796, 35.58160603], [0.008356, 30.92893424]]",1,quantum,1,
precond_pen=1.600,12,-0.7972241050450002,30.928934237628017,1.6,2,0.027704954147338867,0.008466958999633789,0.0,111010001001,+++-+---+--+,0,True,"[[0.000195, 38.00991951], [0.008187, 33.8186346], [0.008467, 30.92893424]]",1,quantum,1,
precond_pen=1.700,12,-0.7726020815940036,30.928934237628017,1.7,2,0.023133039474487305,0.006044149398803711,0.0,111010001001,+++-+---+--+,0,True,"[[0.00014, 38.00991951], [0.005851, 33.8186346], [0.006044, 30.92893424]]",1,quantum,1,
precond_pen=1.800,12,-0.7512359096990009,30.928934237628017,1.8,2,0.02562689781188965,0.0065348148345947266,0.0,000101110110,---+-+++-++-,0,True,"[[0.000155, 38.00991951], [0.006038, 36.51808697], [0.006264, 35.58160603], [0.006435, 35.61513455], [0.006535, 30.92893424]]",1,quantum,1,
precond_pen=1.900,12,-0.7325188094349961,30.928934237628017,1.9,2,0.03003096580505371,0.006587982177734375,0.0,000101110110,---+-+++-++-,0,True,"[[0.000196, 38.00991951], [0.005966, 36.51808697], [0.006251, 35.58160603], [0.006476, 35.61513455], [0.006588, 30.92893424]]",1,quantum,1,
precond_pen=2.000,12,-0.7159861642230005,30.928934237628017,2.0,2,0.02101898193359375,0.007042884826660156,0.0,000101110110,---+-+++-++-,0,True,"[[0.00016, 38.00991951], [0.006397, 36.51808697], [0.006683, 35.58160603], [0.006923, 35.61513455], [0.007043, 30.92893424]]",1,quantum,1,
baseline,12,28.302801267891017,28.302801267891013,,2,0.10777807235717773,0.007905960083007812,0.0,100101100011,+--+-++---++,0,True,"[[0.000175, 35.73407755], [0.007496, 32.95554982], [0.007906, 28.30280127]]",2,quantum,1,
precond_pen=1.100,12,-1.1008615684249996,28.302801267891013,1.1,2,0.029865026473999023,0.008116006851196289,0.0,100101100011,+--+-++---++,0,True,"[[0.00017, 35.73407755], [0.007826, 35.27779971], [0.008116, 28.30280127]]",2,quantum,1,
precond_pen=1.200,12,-1.029678844356999,28.302801267891013,1.2,2,0.02316904067993164,0.006793975830078125,0.0,100101100011,+--+-++---++,0,True,"[[0.000148, 35.73407755], [0.006088, 33.81069874], [0.006794, 28.30280127]]",2,quantum,1,
precond_pen=1.300,12,-0.9725597379729987,28.302801267891013,1.3,2,0.025336027145385742,0.008049964904785156,0.0,100101100011,+--+-++---++,0,True,"[[0.000191, 35.73407755], [0.007678, 35.27779971], [0.00805, 28.30280127]]",2,quantum,1,
precond_pen=1.400,12,-0.9257010343050007,28.302801267891013,1.4,2,0.029725074768066406,0.007380008697509766,0.0,100101100011,+--+-++---++,0,True,"[[0.000226, 35.73407755], [0.007197, 35.27779971], [0.00738, 28.30280127]]",2,quantum,1,
precond_pen=1.500,12,-0.8865595385460008,28.302801267891013,1.5,2,0.020529985427856445,0.006151914596557617,0.0,100101100011,+--+-++---++,0,True,"[[0.000162, 35.73407755], [0.006152, 28.30280127]]",2,quantum,1,
precond_pen=1.600,12,-0.8533698422440015,28.302801267891013,1.6,2,0.02995896339416504,0.006073951721191406,0.0,100101100011,+--+-++---++,0,True,"[[0.000814, 35.73407755], [0.005556, 34.5485896], [0.006074, 28.30280127]]",2,quantum,1,
precond_pen=1.700,12,-0.8248677492439995,28.302801267891013,1.7,2,0.023851871490478516,0.005725860595703125,0.0,100101100011,+--+-++---++,0,True,"[[0.000205, 35.73407755], [0.005567, 34.89046804], [0.005726, 28.30280127]]",2,quantum,1,
precond_pen=1.800,12,-0.8001238678939995,28.302801267891013,1.8,2,0.027148962020874023,0.00868082046508789,0.0,100101100011,+--+-++---++,0,True,"[[0.00024, 35.73407755], [0.007227, 35.62954248], [0.007992, 35.05903942], [0.008475, 32.21804614], [0.008681, 28.30280127]]",2,quantum,1,
precond_pen=1.900,12,-0.7784396105009996,28.302801267891013,1.9,2,0.021166086196899414,0.006570100784301758,0.0,100101100011,+--+-++---++,0,True,"[[0.00016, 35.73407755], [0.006042, 35.21986838], [0.006321, 35.05903942], [0.00657, 28.30280127]]",2,quantum,1,
precond_pen=2.000,12,-0.7592797478309974,28.302801267891013,2.0,2,0.022585153579711914,0.007270097732543945,0.0,100101100011,+--+-++---++,0,True,"[[0.000197, 35.73407755], [0.006647, 35.21986838], [0.007008, 35.05903942], [0.00727, 28.30280127]]",2,quantum,1,
baseline,12,29.554639591988007,29.554639591987986,,2,0.08971810340881348,0.006921052932739258,0.0,101100010101,+-++---+-+-+,0,True,"[[0.000166, 38.4387221], [0.006413, 34.80301828], [0.006757, 31.98136565], [0.006921, 29.55463959]]",3,quantum,1,
precond_pen=1.100,12,-1.0250433539099992,29.554639591987986,1.1,2,0.017995834350585938,0.008692026138305664,0.0,010011101010,-+--+++-+-+-,0,True,"[[0.000144, 38.4387221], [0.005858, 33.73742282], [0.006146, 32.28946995], [0.008692, 29.55463959]]",3,quantum,1,
precond_pen=1.200,12,-0.9622451055529977,29.554639591987986,1.2,2,0.01793694496154785,0.005845069885253906,0.0,010011101010,-+--+++-+-+-,0,True,"[[0.000197, 38.4387221], [0.005365, 35.50666262], [0.00565, 35.19416721], [0.005845, 29.55463959]]",3,quantum,1,
precond_pen=1.300,12,-0.9118384484570008,29.554639591987986,1.3,2,0.0328218936920166,0.019443988800048828,0.0,101100010101,+-++---+-+-+,0,True,"[[0.000135, 38.4387221], [0.005305, 34.77184573], [0.005483, 32.28946995], [0.019444, 29.55463959]]",3,quantum,1,
precond_pen=1.400,12,-0.870475842200003,29.554639591987986,1.4,2,0.023508787155151367,0.013170957565307617,0.0,101100010101,+-++---+-+-+,0,True,"[[0.000207, 38.4387221], [0.006978, 34.77184573], [0.00716, 32.28946995], [0.013171, 29.55463959]]",3,quantum,1,
precond_pen=1.500,12,-0.8359177632490002,29.554639591987986,1.5,2,0.020494937896728516,0.01034402847290039,0.0,101100010101,+-++---+-+-+,0,True,"[[0.000173, 38.4387221], [0.006411, 34.77184573], [0.00662, 32.28946995], [0.010344, 29.55463959]]",3,quantum,1,
precond_pen=1.600,12,-0.8066089195619996,29.554639591987986,1.6,2,0.018346071243286133,0.010409116744995117,0.0,101100010101,+-++---+-+-+,0,True,"[[0.000214, 38.4387221], [0.006682, 34.77184573], [0.006891, 32.28946995], [0.010409, 29.55463959]]",3,quantum,1,
precond_pen=1.700,12,-0.781435230178003,29.554639591987986,1.7,2,0.02589702606201172,0.016381025314331055,0.0,101100010101,+-++---+-+-+,0,True,"[[0.000165, 38.4387221], [0.006528, 34.77184573], [0.006754, 32.28946995], [0.016381, 29.55463959]]",3,quantum,1,
precond_pen=1.800,12,-0.7595774412839988,29.554639591987986,1.8,2,0.018205881118774414,0.009698867797851562,0.0,101100010101,+-++---+-+-+,0,True,"[[0.000162, 38.4387221], [0.005727, 34.77184573], [0.005864, 32.28946995], [0.009699, 29.55463959]]",3,quantum,1,
precond_pen=1.900,12,-0.740419835138999,29.554639591987986,1.9,2,0.029201984405517578,0.013202905654907227,0.0,101100010101,+-++---+-+-+,0,True,"[[0.00018, 38.4387221], [0.00614, 34.77184573], [0.006386, 32.28946995], [0.013203, 29.55463959]]",3,quantum,1,
precond_pen=2.000,12,-0.723490232924,29.554639591987986,2.0,2,0.025865793228149414,0.01724696159362793,0.0,101100010101,+-++---+-+-+,0,True,"[[0.000163, 38.4387221], [0.006584, 34.77184573], [0.006844, 32.28946995], [0.017247, 29.55463959]]",3,quantum,1,
baseline,12,34.90228182832598,34.902281828326,,2,0.04787611961364746,0.006248950958251953,0.0,101101100100,+-++-++--+--,0,True,"[[0.00015, 40.7866441], [0.005341, 40.47164875], [0.005941, 37.45044896], [0.006249, 34.90228183]]",4,quantum,1,
precond_pen=1.100,12,-1.0358810252420012,34.902281828326,1.1,2,0.02634596824645996,0.0073850154876708984,0.0,010010011011,-+--+--++-++,0,True,"[[0.000166, 40.7866441], [0.007055, 36.12363805], [0.007385, 34.90228183]]",4,quantum,1,
precond_pen=1.200,12,-0.9685413964479999,34.902281828326,1.2,2,0.0301210880279541,0.007704019546508789,0.0,010010011011,-+--+--++-++,0,True,"[[0.000156, 40.7866441], [0.007418, 38.47989227], [0.007704, 34.90228183]]",4,quantum,1,
precond_pen=1.300,12,-0.9151287371909964,34.902281828326,1.3,2,0.021776199340820312,0.006328105926513672,0.0,010010011011,-+--+--++-++,0,True,"[[0.000151, 40.7866441], [0.006131, 38.47989227], [0.006328, 34.90228183]]",4,quantum,1,
precond_pen=1.400,12,-0.8717141165520017,34.902281828326,1.4,2,0.023152828216552734,0.006289005279541016,0.0,010010011011,-+--+--++-++,0,True,"[[0.000154, 40.7866441], [0.00611, 38.47989227], [0.006289, 34.90228183]]",4,quantum,1,
precond_pen=1.500,12,-0.8357223068220012,34.902281828326,1.5,2,0.02039504051208496,0.0053708553314208984,0.0,010010011011,-+--+--++-++,0,True,"[[0.00015, 40.7866441], [0.005246, 38.90527129], [0.005371, 34.90228183]]",4,quantum,1,
precond_pen=1.600,12,-0.805394372743998,34.902281828326,1.6,2,0.021081924438476562,0.006212949752807617,0.0,010010011011,-+--+--++-++,0,True,"[[0.000166, 40.7866441], [0.006019, 39.97437861], [0.006213, 34.90228183]]",4,quantum,1,
precond_pen=1.700,12,-0.7794875186560004,34.902281828326,1.7,2,0.023765087127685547,0.006705045700073242,0.0,010010011011,-+--+--++-++,0,True,"[[0.000173, 40.7866441], [0.006511, 39.97437861], [0.006705, 34.90228183]]",4,quantum,1,
precond_pen=1.800,12,-0.7570984859279974,34.902281828326,1.8,2,0.02326798439025879,0.006551027297973633,0.0,010010011011,-+--+--++-++,0,True,"[[0.00015, 40.7866441], [0.006247, 39.97437861], [0.006551, 34.90228183]]",4,quantum,1,
precond_pen=1.900,12,-0.7375547189649971,34.902281828326,1.9,2,0.01696181297302246,0.005053997039794922,0.0,010010011011,-+--+--++-++,0,True,"[[0.000136, 40.7866441], [0.00492, 38.47989227], [0.005054, 34.90228183]]",4,quantum,1,
precond_pen=2.000,12,-0.7203452839540008,34.902281828326,2.0,2,0.02696084976196289,0.005852937698364258,0.0,010010011011,-+--+--++-++,0,True,"[[0.000126, 40.7866441], [0.005702, 38.47989227], [0.005853, 34.90228183]]",4,quantum,1,
baseline,12,30.539114130174994,30.539114130174987,,2,0.060056209564208984,0.006921052932739258,0.0,010010101101,-+--+-+-++-+,0,True,"[[0.000198, 34.59643996], [0.006482, 34.15831267], [0.006721, 33.88678293], [0.006921, 30.53911413]]",5,quantum,1,
precond_pen=1.100,12,-0.8867486309480022,30.539114130174987,1.1,2,0.10765504837036133,0.006426095962524414,0.0,010010101101,-+--+-+-++-+,0,True,"[[0.000137, 34.59643996], [0.006093, 31.49110079], [0.006426, 30.53911413]]",5,quantum,1,
precond_pen=1.200,12,-0.8394588887559973,30.539114130174987,1.2,2,0.07206416130065918,0.005872011184692383,0.0,010010101101,-+--+-+-++-+,0,True,"[[0.000139, 34.59643996], [0.005598, 31.49110079], [0.005872, 30.53911413]]",5,quantum,1,
precond_pen=1.300,12,-0.8014103254170006,30.539114130174987,1.3,2,0.06406307220458984,0.006600141525268555,0.0,010010101101,-+--+-+-++-+,0,True,"[[0.000172, 34.59643996], [0.006261, 31.49110079], [0.0066, 30.53911413]]",5,quantum,1,
precond_pen=1.400,12,-0.7701315629309997,30.539114130174987,1.4,2,0.04684591293334961,0.005940914154052734,0.0,010010101101,-+--+-+-++-+,0,True,"[[0.000164, 34.59643996], [0.005664, 31.49110079], [0.005941, 30.53911413]]",5,quantum,1,
precond_pen=1.500,12,-0.7439608132179991,30.539114130174987,1.5,2,0.04721498489379883,0.006409168243408203,0.0,101101010010,+-++-+-+--+-,0,True,"[[0.000152, 34.59643996], [0.006268, 34.07745694], [0.006409, 30.53911413]]",5,quantum,1,
precond_pen=1.600,12,-0.7217393203370008,30.539114130174987,1.6,2,0.06238818168640137,0.005125999450683594,0.0,101101010010,+-++-+-+--+-,0,True,"[[0.000131, 34.59643996], [0.004992, 34.07745694], [0.005126, 30.53911413]]",5,quantum,1,
precond_pen=1.700,12,-0.7026346102749992,30.539114130174987,1.7,2,0.06685996055603027,0.008234977722167969,0.0,010010101101,-+--+-+-++-+,0,True,"[[0.000176, 34.59643996], [0.007483, 33.15844299], [0.008016, 32.48894143], [0.008235, 30.53911413]]",5,quantum,1,
precond_pen=1.800,12,-0.6860330007779991,30.539114130174987,1.8,2,0.10616898536682129,0.005903005599975586,0.0,101101010010,+-++-+-+--+-,0,True,"[[0.000162, 34.59643996], [0.005769, 34.27478082], [0.005903, 30.53911413]]",5,quantum,1,
precond_pen=1.900,12,-0.6714720883069987,30.539114130174987,1.9,2,0.07499384880065918,0.005240917205810547,0.0,101101010010,+-++-+-+--+-,0,True,"[[0.000131, 34.59643996], [0.005054, 34.27478082], [0.005241, 30.53911413]]",5,quantum,1,
precond_pen=2.000,12,-0.658596919429999,30.539114130174987,2.0,2,0.05924105644226074,0.005709171295166016,0.0,101101010010,+-++-+-+--+-,0,True,"[[0.000144, 34.59643996], [0.00553, 34.27478082], [0.005709, 30.53911413]]",5,quantum,1,
baseline,12,25.58023533052602,25.580235330526,,2,0.02604818344116211,0.0046770572662353516,0.0,000110011011,---++--++-++,0,True,"[[0.000154, 35.12901033], [0.004677, 25.58023533]]",6,quantum,1,
precond_pen=1.100,12,-1.3922294420449965,25.580235330526,1.1,2,0.017477035522460938,0.005894899368286133,0.0,000110011011,---++--++-++,0,True,"[[0.00015, 35.12901033], [0.005599, 34.97245], [0.005895, 25.58023533]]",6,quantum,1,
precond_pen=1.200,12,-1.2869956107960023,25.580235330526,1.2,2,0.015761137008666992,0.0063381195068359375,0.0,000110011011,---++--++-++,0,True,"[[0.000157, 35.12901033], [0.00579, 34.90836294], [0.006195, 34.06120005], [0.006338, 25.58023533]]",6,quantum,1,
precond_pen=1.300,12,-1.2030086748300004,25.580235330526,1.3,2,0.017584800720214844,0.00600886344909668,0.0,000110011011,---++--++-++,0,True,"[[0.000168, 35.12901033], [0.005742, 34.87033413], [0.006009, 25.58023533]]",6,quantum,1,
precond_pen=1.400,12,-1.1343999482249956,25.580235330526,1.4,2,0.02266383171081543,0.00795602798461914,0.0,000110011011,---++--++-++,0,True,"[[0.001217, 35.12901033], [0.007956, 25.58023533]]",6,quantum,1,
precond_pen=1.500,12,-1.0772851732009991,25.580235330526,1.5,2,0.02222418785095215,0.006710052490234375,0.0,000110011011,---++--++-++,0,True,"[[0.000156, 35.12901033], [0.005934, 32.17740142], [0.006559, 31.19299906], [0.00671, 25.58023533]]",6,quantum,1,
precond_pen=1.600,12,-1.0289897685140001,25.580235330526,1.6,2,0.016087055206298828,0.005896091461181641,0.0,111001100100,+++--++--+--,0,True,"[[0.000148, 35.12901033], [0.005696, 34.88292627], [0.005896, 25.58023533]]",6,quantum,1,
precond_pen=1.700,12,-9.052262555915004,25.580235330526,1.7,2,0.012487173080444336,0.005827903747558594,0.0,000110011011,---++--++-++,0,True,"[[0.000139, 35.12901033], [0.005422, 32.28142964], [0.005716, 30.55711832], [0.005828, 25.58023533]]",6,quantum,1,
precond_pen=1.800,12,-8.807509169229004,25.580235330526,1.8,2,0.011816978454589844,0.005978107452392578,0.0,000110011011,---++--++-++,0,True,"[[0.000119, 35.12901033], [0.005406, 32.28142964], [0.005808, 30.55711832], [0.005978, 25.58023533]]",6,quantum,1,
precond_pen=1.900,12,-8.49003003896,25.580235330526,1.9,2,0.010269880294799805,0.004956960678100586,0.0,000110011011,---++--++-++,0,True,"[[0.000112, 35.12901033], [0.004612, 32.11543083], [0.004839, 30.55711832], [0.004957, 25.58023533]]",6,quantum,1,
precond_pen=2.000,12,-8.139671885988001,25.580235330526,2.0,2,0.011204004287719727,0.0055179595947265625,0.0,000110011011,---++--++-++,0,True,"[[0.000106, 35.12901033], [0.004559, 31.25506047], [0.00525, 30.55711832], [0.005518, 25.58023533]]",6,quantum,1,
baseline,12,29.332586888909002,29.332586888909006,,2,0.04403805732727051,0.005899906158447266,0.0,101100001101,+-++----++-+,0,True,"[[0.000128, 36.79484156], [0.005361, 35.67988458], [0.005665, 33.78525989], [0.0059, 29.33258689]]",7,quantum,1,
precond_pen=1.100,12,-0.9103298468290024,29.332586888909006,1.1,2,0.032431840896606445,0.004850864410400391,0.0,010011110010,-+--++++--+-,0,True,"[[0.000118, 36.79484156], [0.004506, 32.96644489], [0.004851, 29.33258689]]",7,quantum,1,
precond_pen=1.200,12,-0.861080220012,29.332586888909006,1.2,2,0.034876108169555664,0.006876945495605469,0.0,010011110010,-+--++++--+-,0,True,"[[0.000163, 36.79484156], [0.006625, 32.76645196], [0.006877, 29.33258689]]",7,quantum,1,
precond_pen=1.300,12,-0.8213550950869983,29.332586888909006,1.3,2,0.04201698303222656,0.006264925003051758,0.0,010011110010,-+--++++--+-,0,True,"[[0.00015, 36.79484156], [0.005965, 32.76645196], [0.006265, 29.33258689]]",7,quantum,1,
precond_pen=1.400,12,-0.7886300115389986,29.332586888909006,1.4,2,0.0479428768157959,0.007010936737060547,0.0,010011110010,-+--++++--+-,0,True,"[[0.000158, 36.79484156], [0.006716, 32.76645196], [0.007011, 29.33258689]]",7,quantum,1,
precond_pen=1.500,12,-0.7612011534879999,29.332586888909006,1.5,2,0.04249691963195801,0.006929874420166016,0.0,010011110010,-+--++++--+-,0,True,"[[0.00015, 36.79484156], [0.006676, 32.76645196], [0.00693, 29.33258689]]",7,quantum,1,
precond_pen=1.600,12,-0.7378768880670004,29.332586888909006,1.6,2,0.04837799072265625,0.004681825637817383,0.0,010011110010,-+--++++--+-,0,True,"[[0.000115, 36.79484156], [0.004378, 32.55794153], [0.004682, 29.33258689]]",7,quantum,1,
precond_pen=1.700,12,-0.7177985327470031,29.332586888909006,1.7,2,0.05638003349304199,0.0074329376220703125,0.0,101100001101,+-++----++-+,0,True,"[[0.000151, 36.79484156], [0.006572, 35.21691633], [0.007095, 33.78525989], [0.007433, 29.33258689]]",7,quantum,1,
precond_pen=1.800,12,-0.7003315236379972,29.332586888909006,1.8,2,0.06263184547424316,0.006298065185546875,0.0,101100001101,+-++----++-+,0,True,"[[0.000149, 36.79484156], [0.005617, 35.21691633], [0.006063, 33.78525989], [0.006298, 29.33258689]]",7,quantum,1,
precond_pen=1.900,12,-0.6849968926820003,29.332586888909006,1.9,2,0.051344871520996094,0.006726980209350586,0.0,101100001101,+-++----++-+,0,True,"[[0.000143, 36.79484156], [0.006071, 35.21691633], [0.00649, 33.78525989], [0.006727, 29.33258689]]",7,quantum,1,
precond_pen=2.000,12,-0.6714261499839989,29.332586888909006,2.0,2,0.06912493705749512,0.006248950958251953,0.0,101100001101,+-++----++-+,0,True,"[[0.000142, 36.79484156], [0.005715, 35.21691633], [0.006075, 33.78525989], [0.006249, 29.33258689]]",7,quantum,1,
baseline,12,25.853930756716995,25.85393075671699,,2,0.04932284355163574,0.005966901779174805,0.0,101011010010,+-+-++-+--+-,0,True,"[[0.000143, 31.13465251], [0.005967, 25.85393076]]",8,quantum,1,
precond_pen=1.100,12,-0.8525071395799948,25.85393075671699,1.1,2,0.036070823669433594,0.009679794311523438,0.0,101011010010,+-+-++-+--+-,0,True,"[[0.000146, 31.13465251], [0.005835, 29.97404581], [0.006069, 26.52381634], [0.00968, 25.85393076]]",8,quantum,1,
precond_pen=1.200,12,-0.8105041732209992,25.85393075671699,1.2,2,0.03728914260864258,0.00604701042175293,0.0,101011010010,+-+-++-+--+-,0,True,"[[0.000133, 31.13465251], [0.005751, 28.12826372], [0.006047, 25.85393076]]",8,quantum,1,
precond_pen=1.300,12,-0.7764416900460018,25.85393075671699,1.3,2,0.04611611366271973,0.005706071853637695,0.0,101011010010,+-+-++-+--+-,0,True,"[[0.000141, 31.13465251], [0.005134, 30.04675114], [0.005429, 28.12826372], [0.005706, 25.85393076]]",8,quantum,1,
precond_pen=1.400,12,-0.7482576337129974,25.85393075671699,1.4,2,0.057678937911987305,0.006181955337524414,0.0,101011010010,+-+-++-+--+-,0,True,"[[0.000137, 31.13465251], [0.005449, 30.06684171], [0.005963, 28.12826372], [0.006182, 25.85393076]]",8,quantum,1,
precond_pen=1.500,12,-0.7245480575200016,25.85393075671699,1.5,2,0.051325082778930664,0.006437063217163086,0.0,101011010010,+-+-++-+--+-,0,True,"[[0.000159, 31.13465251], [0.005928, 30.04675114], [0.006242, 28.12826372], [0.006437, 25.85393076]]",8,quantum,1,
precond_pen=1.600,12,-0.7043238493080013,25.85393075671699,1.6,2,0.05551886558532715,0.009458065032958984,0.0,101011010010,+-+-++-+--+-,0,True,"[[0.00014, 31.13465251], [0.005304, 30.74788479], [0.00569, 30.75116706], [0.006028, 26.88989241], [0.00618, 26.52381634], [0.009458, 25.85393076]]",8,quantum,1,
precond_pen=1.700,12,-0.6868677841619988,25.85393075671699,1.7,2,0.05557107925415039,0.011012077331542969,0.0,010100101101,-+-+--+-++-+,0,True,"[[0.000156, 31.13465251], [0.00654, 29.22581117], [0.006954, 26.52381634], [0.011012, 25.85393076]]",8,quantum,1,
precond_pen=1.800,12,-0.6716470036090003,25.85393075671699,1.8,2,0.05422496795654297,0.01038503646850586,0.0,010100101101,-+-+--+-++-+,0,True,"[[0.000151, 31.13465251], [0.006538, 29.22581117], [0.006901, 26.52381634], [0.010385, 25.85393076]]",8,quantum,1,
precond_pen=1.900,12,-0.6582574607179961,25.85393075671699,1.9,2,0.052841901779174805,0.009820938110351562,0.0,010100101101,-+-+--+-++-+,0,True,"[[0.000153, 31.13465251], [0.005737, 27.87694585], [0.006209, 26.52381634], [0.009821, 25.85393076]]",8,quantum,1,
precond_pen=2.000,12,-0.646386910412998,25.85393075671699,2.0,2,0.05585122108459473,0.008699178695678711,0.0,010100101101,-+-+--+-++-+,0,True,"[[0.000142, 31.13465251], [0.00517, 27.87694585], [0.005582, 26.52381634], [0.008699, 25.85393076]]",8,quantum,1,
baseline,12,31.316943733904,31.316943733904,,2,0.04362607002258301,0.007790088653564453,0.0,100110011001,+--++--++--+,0,True,"[[0.000167, 38.41269099], [0.007539, 36.23139463], [0.00779, 31.31694373]]",9,quantum,1,
precond_pen=1.100,12,-1.053554779931999,31.316943733904,1.1,2,0.02228713035583496,0.00680994987487793,0.0,100110011001,+--++--++--+,0,True,"[[0.000135, 38.41269099], [0.006519, 38.17497353], [0.00681, 31.31694373]]",9,quantum,1,
precond_pen=1.200,12,-0.9865387227050002,31.316943733904,1.2,2,0.019922971725463867,0.009348154067993164,0.0,011001100110,-++--++--++-,0,True,"[[0.000133, 38.41269099], [0.005785, 32.95241562], [0.009348, 31.31694373]]",9,quantum,1,
precond_pen=1.300,12,-0.9329617304899971,31.316943733904,1.3,2,0.018918991088867188,0.0061490535736083984,0.0,011001100110,-++--++--++-,0,True,"[[0.000158, 38.41269099], [0.005988, 38.12718352], [0.006149, 31.31694373]]",9,quantum,1,
precond_pen=1.400,12,-0.8891379049199957,31.316943733904,1.4,2,0.024979114532470703,0.005546092987060547,0.0,011001100110,-++--++--++-,0,True,"[[0.000137, 38.41269099], [0.005004, 37.17631145], [0.00541, 35.89736628], [0.005546, 31.31694373]]",9,quantum,1,
precond_pen=1.500,12,-0.8526183561499998,31.316943733904,1.5,2,0.01589798927307129,0.0046880245208740234,0.0,100110011001,+--++--++--+,0,True,"[[0.000129, 38.41269099], [0.004554, 37.04589264], [0.004688, 31.31694373]]",9,quantum,1,
precond_pen=1.600,12,-0.8217123525870011,31.316943733904,1.6,2,0.021075963973999023,0.0048749446868896484,0.0,011001100110,-++--++--++-,0,True,"[[9.8e-05, 38.41269099], [0.004203, 38.03958307], [0.004494, 36.23139463], [0.004761, 35.89736628], [0.004875, 31.31694373]]",9,quantum,1,
precond_pen=1.700,12,-0.7952144884409993,31.316943733904,1.7,2,0.0215761661529541,0.0064411163330078125,0.0,100110011001,+--++--++--+,0,True,"[[0.000157, 38.41269099], [0.006164, 38.17497353], [0.006441, 31.31694373]]",9,quantum,1,
precond_pen=1.800,12,-0.7722421906789974,31.316943733904,1.8,2,0.021670818328857422,0.005739927291870117,0.0,100110011001,+--++--++--+,0,True,"[[0.000133, 38.41269099], [0.005525, 38.17497353], [0.00574, 31.31694373]]",9,quantum,1,
precond_pen=1.900,12,-0.7521340213310008,31.316943733904,1.9,2,0.02141094207763672,0.005666971206665039,0.0,100110011001,+--++--++--+,0,True,"[[0.000144, 38.41269099], [0.005494, 38.17497353], [0.005667, 31.31694373]]",9,quantum,1,
precond_pen=2.000,12,-0.7343846634310012,31.316943733904,2.0,2,0.024506092071533203,0.005282163619995117,0.0,100110011001,+--++--++--+,0,True,"[[0.000128, 38.41269099], [0.005135, 38.17497353], [0.005282, 31.31694373]]",9,quantum,1,
baseline,12,32.229028895641015,32.22902889564102,,2,0.07276105880737305,0.0040130615234375,0.0,110100101010,++-+--+-+-+-,0,True,"[[0.000133, 35.10711965], [0.003793, 34.02239995], [0.004013, 32.2290289]]",10,quantum,1,
precond_pen=1.100,12,-0.9811345446269986,32.22902889564102,1.1,2,0.02307891845703125,0.006309032440185547,0.0,001011010101,--+-++-+-+-+,0,True,"[[0.000149, 35.10711965], [0.006088, 34.78230853], [0.006309, 32.2290289]]",10,quantum,1,
precond_pen=1.200,12,-0.922359496536,32.22902889564102,1.2,2,0.019902944564819336,0.00632786750793457,0.0,001011010101,--+-++-+-+-+,0,True,"[[0.000151, 35.10711965], [0.006126, 34.58758042], [0.006328, 32.2290289]]",10,quantum,1,
precond_pen=1.300,12,-0.875317758230997,32.22902889564102,1.3,2,0.014687061309814453,0.004876136779785156,0.0,001011010101,--+-++-+-+-+,0,True,"[[0.00012, 35.10711965], [0.00472, 34.58758042], [0.004876, 32.2290289]]",10,quantum,1,
precond_pen=1.400,12,-0.8368066712859985,32.22902889564102,1.4,2,0.020620107650756836,0.0045070648193359375,0.0,001011010101,--+-++-+-+-+,0,True,"[[0.000116, 35.10711965], [0.004384, 34.58758042], [0.004507, 32.2290289]]",10,quantum,1,
precond_pen=1.500,12,-0.8046934054349988,32.22902889564102,1.5,2,0.023891925811767578,0.006566047668457031,0.0,001011010101,--+-++-+-+-+,0,True,"[[0.00017, 35.10711965], [0.006116, 34.02239995], [0.006566, 32.2290289]]",10,quantum,1,
precond_pen=1.600,12,-0.7775024781270021,32.22902889564102,1.6,2,0.018532991409301758,0.008065938949584961,0.0,110100101010,++-+--+-+-+-,0,True,"[[0.000143, 35.10711965], [0.005516, 34.52425441], [0.007968, 34.02239995], [0.008066, 32.2290289]]",10,quantum,1,
precond_pen=1.700,12,-0.7541803265079992,32.22902889564102,1.7,2,0.025807857513427734,0.005159854888916016,0.0,001011010101,--+-++-+-+-+,0,True,"[[0.000145, 35.10711965], [0.004997, 34.58758042], [0.00516, 32.2290289]]",10,quantum,1,
precond_pen=1.800,12,-0.733954611473,32.22902889564102,1.8,2,0.022989988327026367,0.005482912063598633,0.0,001011010101,--+-++-+-+-+,0,True,"[[0.000137, 35.10711965], [0.005318, 34.58758042], [0.005483, 32.2290289]]",10,quantum,1,
precond_pen=1.900,12,-0.7162458564210006,32.22902889564102,1.9,2,0.02636408805847168,0.004698991775512695,0.0,001011010101,--+-++-+-+-+,0,True,"[[0.000144, 35.10711965], [0.004557, 34.58758042], [0.004699, 32.2290289]]",10,quantum,1,
precond_pen=2.000,12,-0.7006110517010011,32.22902889564102,2.0,2,0.025487899780273438,0.004879951477050781,0.0,001011010101,--+-++-+-+-+,0,True,"[[0.00012, 35.10711965], [0.004729, 34.58758042], [0.00488, 32.2290289]]",10,quantum,1,
baseline,12,26.105507386333997,26.105507386333997,,2,0.04662609100341797,0.006897926330566406,0.0,010100011101,-+-+---+++-+,0,True,"[[0.000178, 35.27436465], [0.006049, 34.9136866], [0.006359, 33.14540198], [0.006755, 30.5146448], [0.006898, 26.10550739]]",11,quantum,1,
precond_pen=1.100,12,-0.887280131370999,26.105507386333997,1.1,2,0.038789987564086914,0.008790969848632812,0.0,101011100010,+-+-+++---+-,0,True,"[[0.000162, 35.27436465], [0.005536, 30.91169566], [0.005798, 30.5146448], [0.005995, 28.82415388], [0.006099, 26.30678849], [0.008791, 26.10550739]]",11,quantum,1,
precond_pen=1.200,12,-0.8412567462009983,26.105507386333997,1.2,2,0.05077099800109863,0.04788994789123535,0.0,101011100010,+-+-+++---+-,0,True,"[[0.000134, 35.27436465], [0.004854, 33.57137874], [0.005273, 33.14540198], [0.005456, 30.51458231], [0.005575, 26.57752128], [0.047476, 26.30678849], [0.04789, 26.10550739]]",11,quantum,1,
precond_pen=1.300,12,-0.8040110625809982,26.105507386333997,1.3,2,0.0844879150390625,0.008402109146118164,0.0,101011100010,+-+-+++---+-,0,True,"[[0.000169, 35.27436465], [0.005687, 30.83687701], [0.00596, 30.5146448], [0.006156, 28.82415388], [0.006268, 26.30678849], [0.008402, 26.10550739]]",11,quantum,1,
precond_pen=1.400,12,-0.7732447276300025,26.105507386333997,1.4,2,0.0548090934753418,0.041687965393066406,0.0,010100011101,-+-+---+++-+,0,True,"[[0.000153, 35.27436465], [0.005529, 32.32317516], [0.005741, 26.88886586], [0.008958, 26.30678849], [0.041688, 26.10550739]]",11,quantum,1,
precond_pen=1.500,12,-0.7473983897400016,26.105507386333997,1.5,2,0.07258915901184082,0.059442996978759766,0.0,101011100010,+-+-+++---+-,0,True,"[[0.000149, 35.27436465], [0.006332, 32.32317516], [0.006614, 26.88886586], [0.01162, 26.30678849], [0.059443, 26.10550739]]",11,quantum,1,
precond_pen=1.600,12,-0.725376580521,26.105507386333997,1.6,2,0.06347894668579102,0.005483865737915039,0.0,101011100010,+-+-+++---+-,0,True,"[[0.000143, 35.27436465], [0.004937, 31.81262489], [0.005237, 30.5146448], [0.005395, 28.93064493], [0.005484, 26.10550739]]",11,quantum,1,
precond_pen=1.700,12,-0.7063870701439967,26.105507386333997,1.7,2,0.05413007736206055,0.005380153656005859,0.0,101011100010,+-+-+++---+-,0,True,"[[0.000135, 35.27436465], [0.004656, 31.81262489], [0.005026, 30.5146448], [0.005268, 28.93064493], [0.00538, 26.10550739]]",11,quantum,1,
precond_pen=1.800,12,-0.6898426930749979,26.105507386333997,1.8,2,0.08212590217590332,0.04615187644958496,0.0,010100011101,-+-+---+++-+,0,True,"[[0.000189, 35.27436465], [0.00503, 32.32317516], [0.00518, 26.88886586], [0.00961, 26.30678849], [0.046152, 26.10550739]]",11,quantum,1,
precond_pen=1.900,12,-0.6752988549930032,26.105507386333997,1.9,2,0.06551885604858398,0.047232866287231445,0.0,101011100010,+-+-+++---+-,0,True,"[[0.000133, 35.27436465], [0.005438, 33.95215119], [0.005815, 33.14540198], [0.006155, 32.32317516], [0.0063, 26.88886586], [0.009671, 26.30678849], [0.047233, 26.10550739]]",11,quantum,1,
precond_pen=2.000,12,-0.6624126712919987,26.105507386333997,2.0,2,0.05995607376098633,0.047489166259765625,0.0,010100011101,-+-+---+++-+,0,True,"[[0.000148, 35.27436465], [0.005901, 33.95215119], [0.006311, 33.14540198], [0.006528, 32.32317516], [0.006626, 26.88886586], [0.009553, 26.30678849], [0.047489, 26.10550739]]",11,quantum,1,
baseline,12,31.635405535752003,31.635405535752007,,2,0.05030393600463867,0.0044209957122802734,0.0,010111100001,-+-++++----+,0,True,"[[0.000122, 37.96465164], [0.004123, 36.29463591], [0.004289, 35.19588736], [0.004421, 31.63540554]]",12,quantum,1,
precond_pen=1.100,12,-1.0607326506069992,31.635405535752007,1.1,2,0.0218660831451416,0.006208181381225586,0.0,010111100001,-+-++++----+,0,True,"[[0.000152, 37.96465164], [0.006208, 31.63540554]]",12,quantum,1,
precond_pen=1.200,12,-0.9922010444419991,31.635405535752007,1.2,2,0.022838830947875977,0.006281852722167969,0.0,010111100001,-+-++++----+,0,True,"[[0.000146, 37.96465164], [0.006282, 31.63540554]]",12,quantum,1,
precond_pen=1.300,12,-0.9375302608590017,31.635405535752007,1.3,2,0.0208590030670166,0.0052928924560546875,0.0,010111100001,-+-++++----+,0,True,"[[0.000152, 37.96465164], [0.005144, 34.35779345], [0.005293, 31.63540554]]",12,quantum,1,
precond_pen=1.400,12,-0.8928913750160019,31.635405535752007,1.4,2,0.018310070037841797,0.006083965301513672,0.0,010111100001,-+-++++----+,0,True,"[[0.000154, 37.96465164], [0.005913, 34.35779345], [0.006084, 31.63540554]]",12,quantum,1,
precond_pen=1.500,12,-0.8557487050999981,31.635405535752007,1.5,2,0.018958091735839844,0.00453495979309082,0.0,010111100001,-+-++++----+,0,True,"[[0.000118, 37.96465164], [0.004178, 34.27786797], [0.004436, 34.08281046], [0.004535, 31.63540554]]",12,quantum,1,
precond_pen=1.600,12,-0.824355910233999,31.635405535752007,1.6,2,0.024508953094482422,0.004987955093383789,0.0,010111100001,-+-++++----+,0,True,"[[0.000142, 37.96465164], [0.004872, 31.88131162], [0.004988, 31.63540554]]",12,quantum,1,
precond_pen=1.700,12,-0.7974708916299988,31.635405535752007,1.7,2,0.026041030883789062,0.006829023361206055,0.0,010111100001,-+-++++----+,0,True,"[[0.000153, 37.96465164], [0.006576, 31.88131162], [0.006829, 31.63540554]]",12,quantum,1,
precond_pen=1.800,12,-0.7741857757339998,31.635405535752007,1.8,2,0.021219968795776367,0.00640106201171875,0.0,010111100001,-+-++++----+,0,True,"[[0.000162, 37.96465164], [0.006193, 31.88131162], [0.006401, 31.63540554]]",12,quantum,1,
precond_pen=1.900,12,-0.7538215446940013,31.635405535752007,1.9,2,0.023496150970458984,0.005752086639404297,0.0,010111100001,-+-++++----+,0,True,"[[0.000193, 37.96465164], [0.005174, 35.25832144], [0.00543, 35.19588736], [0.005647, 34.08281046], [0.005752, 31.63540554]]",12,quantum,1,
precond_pen=2.000,12,-0.7358601239589966,31.635405535752007,2.0,2,0.03261899948120117,0.006080150604248047,0.0,010111100001,-+-++++----+,0,True,"[[0.000189, 37.96465164], [0.005909, 31.88131162], [0.00608, 31.63540554]]",12,quantum,1,
baseline,12,31.619695469424986,31.619695469424986,,2,0.04233503341674805,0.012280941009521484,0.0,111010010100,+++-+--+-+--,0,True,"[[0.000211, 41.31318214], [0.004784, 35.44486733], [0.004978, 35.27668858], [0.005125, 32.09835683], [0.012281, 31.61969547]]",13,quantum,1,
precond_pen=1.100,12,-1.1346737869310015,31.619695469424986,1.1,2,0.02027297019958496,0.010185003280639648,0.0,000101101011,---+-++-+-++,0,True,"[[0.000229, 41.31318214], [0.006251, 37.39957164], [0.0065, 32.09835683], [0.010185, 31.61969547]]",13,quantum,1,
precond_pen=1.200,12,-1.0575226409540006,31.619695469424986,1.2,2,0.02371692657470703,0.006225109100341797,0.0,000101101011,---+-++-+-++,0,True,"[[0.000168, 41.31318214], [0.005989, 39.5643626], [0.006225, 31.61969547]]",13,quantum,1,
precond_pen=1.300,12,-0.9960572066990014,31.619695469424986,1.3,2,0.02083611488342285,0.006285190582275391,0.0,000101101011,---+-++-+-++,0,True,"[[0.000152, 41.31318214], [0.005403, 35.9108025], [0.005785, 35.44486733], [0.006145, 33.57864159], [0.006285, 31.61969547]]",13,quantum,1,
precond_pen=1.400,12,-0.9459199458020002,31.619695469424986,1.4,2,0.015540838241577148,0.0058939456939697266,0.0,000101101011,---+-++-+-++,0,True,"[[0.000166, 41.31318214], [0.005128, 38.09761856], [0.00548, 35.44486733], [0.005765, 34.09271025], [0.005894, 31.61969547]]",13,quantum,1,
precond_pen=1.500,12,-0.9042335099890026,31.619695469424986,1.5,2,0.02050495147705078,0.005594015121459961,0.0,000101101011,---+-++-+-++,0,True,"[[0.00016, 41.31318214], [0.004891, 39.54922066], [0.00525, 35.44486733], [0.005488, 34.79216135], [0.005594, 31.61969547]]",13,quantum,1,
precond_pen=1.600,12,-0.8690211201239988,31.619695469424986,1.6,2,0.013093948364257812,0.0038449764251708984,0.0,000101101011,---+-++-+-++,0,True,"[[9.9e-05, 41.31318214], [0.003349, 40.20336752], [0.003565, 35.44486733], [0.003741, 34.79216135], [0.003845, 31.61969547]]",13,quantum,1,
precond_pen=1.700,12,-0.8388791073379975,31.619695469424986,1.7,2,0.017568111419677734,0.007203102111816406,0.0,000101101011,---+-++-+-++,0,True,"[[0.00015, 41.31318214], [0.003765, 40.3621638], [0.003918, 35.44486733], [0.004114, 32.09835683], [0.007203, 31.61969547]]",13,quantum,1,
precond_pen=1.800,12,-0.8127829964429996,31.619695469424986,1.8,2,0.02033209800720215,0.00894308090209961,0.0,000101101011,---+-++-+-++,0,True,"[[0.000138, 41.31318214], [0.005424, 35.82053776], [0.005692, 35.44486733], [0.005889, 32.09835683], [0.008943, 31.61969547]]",13,quantum,1,
precond_pen=1.900,12,-0.7899676171419996,31.619695469424986,1.9,2,0.02289414405822754,0.01164102554321289,0.0,000101101011,---+-++-+-++,0,True,"[[0.000166, 41.31318214], [0.0055, 35.82053776], [0.00576, 35.44486733], [0.005954, 32.09835683], [0.011641, 31.61969547]]",13,quantum,1,
precond_pen=2.000,12,-0.7698495123329954,31.619695469424986,2.0,2,0.023185014724731445,0.010349035263061523,0.0,000101101011,---+-++-+-++,0,True,"[[0.000223, 41.31318214], [0.006308, 35.82053776], [0.006654, 35.44486733], [0.006915, 32.09835683], [0.010349, 31.61969547]]",13,quantum,1,
baseline,12,33.33490874082199,33.334908740822,,2,0.04257392883300781,0.005955934524536133,0.0,100001011011,+----+-++-++,0,True,"[[0.00015, 39.35561032], [0.005783, 33.95418153], [0.005956, 33.33490874]]",14,quantum,1,
precond_pen=1.100,12,-1.054882601777999,33.334908740822,1.1,2,0.01853799819946289,0.004565000534057617,0.0,100001011011,+----+-++-++,0,True,"[[0.000124, 39.35561032], [0.004422, 38.08510015], [0.004565, 33.33490874]]",14,quantum,1,
precond_pen=1.200,12,-0.9872645895839973,33.334908740822,1.2,2,0.022830963134765625,0.004957914352416992,0.0,100001011011,+----+-++-++,0,True,"[[0.000174, 39.35561032], [0.004757, 38.83825399], [0.004958, 33.33490874]]",14,quantum,1,
precond_pen=1.300,12,-0.9332691099079975,33.334908740822,1.3,2,0.020244121551513672,0.005692958831787109,0.0,011110100100,-++++-+--+--,0,True,"[[0.000152, 39.35561032], [0.005182, 38.07575485], [0.005545, 33.95418153], [0.005693, 33.33490874]]",14,quantum,1,
precond_pen=1.400,12,-0.889147240114001,33.334908740822,1.4,2,0.024209022521972656,0.0059931278228759766,0.0,011110100100,-++++-+--+--,0,True,"[[0.000147, 39.35561032], [0.005652, 37.6036504], [0.005993, 33.33490874]]",14,quantum,1,
precond_pen=1.500,12,-0.8524118597489991,33.334908740822,1.5,2,0.019207000732421875,0.00551605224609375,0.0,011110100100,-++++-+--+--,0,True,"[[0.000143, 39.35561032], [0.005248, 36.20845097], [0.005516, 33.33490874]]",14,quantum,1,
precond_pen=1.600,12,-0.8213475830700006,33.334908740822,1.6,2,0.0190279483795166,0.005774974822998047,0.0,011110100100,-++++-+--+--,0,True,"[[0.000151, 39.35561032], [0.005514, 36.20845097], [0.005775, 33.33490874]]",14,quantum,1,
precond_pen=1.700,12,-0.7947327531300008,33.334908740822,1.7,2,0.018168926239013672,0.004746913909912109,0.0,011110100100,-++++-+--+--,0,True,"[[0.000116, 39.35561032], [0.004468, 36.20845097], [0.004747, 33.33490874]]",14,quantum,1,
precond_pen=1.800,12,-0.7716736112159976,33.334908740822,1.8,2,0.018682003021240234,0.004869937896728516,0.0,100001011011,+----+-++-++,0,True,"[[0.000126, 39.35561032], [0.00472, 38.83825399], [0.00487, 33.33490874]]",14,quantum,1,
precond_pen=1.900,12,-0.7515010517979999,33.334908740822,1.9,2,0.018157005310058594,0.0041310787200927734,0.0,100001011011,+----+-++-++,0,True,"[[0.0001, 39.35561032], [0.003719, 37.6036504], [0.004015, 36.20845097], [0.004131, 33.33490874]]",14,quantum,1,
precond_pen=2.000,12,-0.7337041401290012,33.334908740822,2.0,2,0.018345117568969727,0.004765033721923828,0.0,100001011011,+----+-++-++,0,True,"[[0.000102, 39.35561032], [0.004335, 37.6036504], [0.004646, 36.20845097], [0.004765, 33.33490874]]",14,quantum,1,
baseline,12,31.513071873568997,31.513071873568993,,2,0.04970598220825195,0.0059468746185302734,0.0,101101000011,+-++-+----++,0,True,"[[0.000183, 35.53379112], [0.005947, 31.51307187]]",15,quantum,1,
precond_pen=1.100,12,-0.9970946565669987,31.513071873568993,1.1,2,0.021004199981689453,0.005312204360961914,0.0,101101000011,+-++-+----++,0,True,"[[0.000182, 35.53379112], [0.005312, 31.51307187]]",15,quantum,1,
precond_pen=1.200,12,-0.9368244038629987,31.513071873568993,1.2,2,0.023092985153198242,0.0059070587158203125,0.0,101101000011,+-++-+----++,0,True,"[[0.000164, 35.53379112], [0.00557, 32.30025438], [0.005907, 31.51307187]]",15,quantum,1,
precond_pen=1.300,12,-0.8885468670229972,31.513071873568993,1.3,2,0.014358997344970703,0.004400968551635742,0.0,101101000011,+-++-+----++,0,True,"[[0.000131, 35.53379112], [0.004258, 35.07509628], [0.004401, 31.51307187]]",15,quantum,1,
precond_pen=1.400,12,-0.848996446696999,31.513071873568993,1.4,2,0.021090030670166016,0.0046808719635009766,0.0,010010111100,-+--+-++++--,0,True,"[[0.00014, 35.53379112], [0.004139, 34.36271868], [0.004455, 34.02533811], [0.004681, 31.51307187]]",15,quantum,1,
precond_pen=1.500,12,-0.8159963800170011,31.513071873568993,1.5,2,0.021958112716674805,0.006109952926635742,0.0,101101000011,+-++-+----++,0,True,"[[0.000143, 35.53379112], [0.005891, 35.20571676], [0.00611, 31.51307187]]",15,quantum,1,
precond_pen=1.600,12,-0.7880395839499981,31.513071873568993,1.6,2,0.026482105255126953,0.005812168121337891,0.0,101101000011,+-++-+----++,0,True,"[[0.00015, 35.53379112], [0.005576, 35.20571676], [0.005812, 31.51307187]]",15,quantum,1,
precond_pen=1.700,12,-0.7640492406370001,31.513071873568993,1.7,2,0.020739078521728516,0.00589299201965332,0.0,101101000011,+-++-+----++,0,True,"[[0.000134, 35.53379112], [0.005496, 33.90221308], [0.005775, 33.18173999], [0.005893, 31.51307187]]",15,quantum,1,
precond_pen=1.800,12,-0.7432352928760002,31.513071873568993,1.8,2,0.0195620059967041,0.0049419403076171875,0.0,101101000011,+-++-+----++,0,True,"[[0.000158, 35.53379112], [0.004567, 33.97588846], [0.004809, 33.18173999], [0.004942, 31.51307187]]",15,quantum,1,
precond_pen=1.900,12,-0.7250047574170031,31.513071873568993,1.9,2,0.025200843811035156,0.004895925521850586,0.0,010010111100,-+--+-++++--,0,True,"[[0.000169, 35.53379112], [0.004718, 33.86228232], [0.004896, 31.51307187]]",15,quantum,1,
precond_pen=2.000,12,-0.7089038155990002,31.513071873568993,2.0,2,0.021044015884399414,0.005526065826416016,0.0,010010111100,-+--+-++++--,0,True,"[[0.00013, 35.53379112], [0.005259, 33.86228232], [0.005526, 31.51307187]]",15,quantum,1,
baseline,12,32.15421790943102,32.15421790943102,,2,0.04566597938537598,0.0056171417236328125,0.0,111001011000,+++--+-++---,0,True,"[[0.000157, 39.44823873], [0.004665, 38.52526729], [0.005309, 37.89742173], [0.005617, 32.15421791]]",16,quantum,1,
precond_pen=1.100,12,-0.9766456287470042,32.15421790943102,1.1,2,0.019291162490844727,0.006204128265380859,0.0,000110100111,---++-+--+++,0,True,"[[0.000201, 39.44823873], [0.005798, 38.15708442], [0.006047, 36.18104596], [0.006204, 32.15421791]]",16,quantum,1,
precond_pen=1.200,12,-0.9184113447770006,32.15421790943102,1.2,2,0.017436981201171875,0.008208036422729492,0.0,000110100111,---++-+--+++,0,True,"[[0.000188, 39.44823873], [0.004555, 38.50664702], [0.004945, 38.54859038], [0.005141, 36.11832161], [0.005267, 32.95541341], [0.008208, 32.15421791]]",16,quantum,1,
precond_pen=1.300,12,-0.8718019953800011,32.15421790943102,1.3,2,0.02118706703186035,0.008237123489379883,0.0,000110100111,---++-+--+++,0,True,"[[0.000182, 39.44823873], [0.005101, 36.00748068], [0.005261, 32.95541341], [0.008237, 32.15421791]]",16,quantum,1,
precond_pen=1.400,12,-0.8336435419990007,32.15421790943102,1.4,2,0.020390987396240234,0.005390167236328125,0.0,000110100111,---++-+--+++,0,True,"[[0.000181, 39.44823873], [0.00539, 32.15421791]]",16,quantum,1,
precond_pen=1.500,12,-0.8018226897590006,32.15421790943102,1.5,2,0.023302078247070312,0.005527973175048828,0.0,000110100111,---++-+--+++,0,True,"[[0.000157, 39.44823873], [0.005528, 32.15421791]]",16,quantum,1,
precond_pen=1.600,12,-0.774877546221,32.15421790943102,1.6,2,0.02631998062133789,0.010643959045410156,0.0,111001011000,+++--+-++---,0,True,"[[0.00015, 39.44823873], [0.005712, 38.83738983], [0.006149, 38.54859038], [0.006383, 35.10299194], [0.006511, 32.95541341], [0.010527, 32.25669061], [0.010644, 32.15421791]]",16,quantum,1,
precond_pen=1.700,12,-0.7517646079909976,32.15421790943102,1.7,2,0.02324509620666504,0.006704092025756836,0.0,111001011000,+++--+-++---,0,True,"[[0.000146, 39.44823873], [0.005857, 38.83738983], [0.006356, 38.54859038], [0.006581, 37.01063678], [0.006704, 32.15421791]]",16,quantum,1,
precond_pen=1.800,12,-0.731718743491002,32.15421790943102,1.8,2,0.029900789260864258,0.005944967269897461,0.0,111001011000,+++--+-++---,0,True,"[[0.000155, 39.44823873], [0.005612, 38.54859038], [0.005833, 37.01063678], [0.005945, 32.15421791]]",16,quantum,1,
precond_pen=1.900,12,-0.7141662234409987,32.15421790943102,1.9,2,0.02126789093017578,0.007448911666870117,0.0,000110100111,---++-+--+++,0,True,"[[0.000128, 39.44823873], [0.003817, 38.83738983], [0.004105, 38.15708442], [0.004254, 36.11653987], [0.004364, 32.95541341], [0.007449, 32.15421791]]",16,quantum,1,
precond_pen=2.000,12,-0.6986681913799986,32.15421790943102,2.0,2,0.02422308921813965,0.008274078369140625,0.0,000110100111,---++-+--+++,0,True,"[[0.000183, 39.44823873], [0.004359, 39.17782187], [0.004726, 38.15708442], [0.004864, 35.10299194], [0.004971, 32.95541341], [0.008274, 32.15421791]]",16,quantum,1,
baseline,12,26.41063903595,26.410639035950012,,2,0.05213308334350586,0.004901885986328125,0.0,111010011000,+++-+--++---,0,True,"[[0.000183, 31.80353807], [0.004902, 26.41063904]]",17,quantum,1,
precond_pen=1.100,12,-0.946769896430002,26.410639035950012,1.1,2,0.03728795051574707,0.0054950714111328125,0.0,000101100111,---+-++--+++,0,True,"[[0.000148, 31.80353807], [0.004831, 30.86171202], [0.005216, 29.70978881], [0.005495, 26.41063904]]",17,quantum,1,
precond_pen=1.200,12,-0.8939627182749987,26.410639035950012,1.2,2,0.046829938888549805,0.005558013916015625,0.0,000101100111,---+-++--+++,0,True,"[[0.00019, 31.80353807], [0.005293, 30.37840721], [0.005558, 26.41063904]]",17,quantum,1,
precond_pen=1.300,12,-0.8513210155860023,26.410639035950012,1.3,2,0.04064679145812988,0.005781888961791992,0.0,000101100111,---+-++--+++,0,True,"[[0.000139, 31.80353807], [0.005517, 30.37840721], [0.005782, 26.41063904]]",17,quantum,1,
precond_pen=1.400,12,-0.8161596683919967,26.410639035950012,1.4,2,0.05347299575805664,0.0065059661865234375,0.0,000101100111,---+-++--+++,0,True,"[[0.000142, 31.80353807], [0.00628, 30.37840721], [0.006506, 26.41063904]]",17,quantum,1,
precond_pen=1.500,12,-0.7866642426069994,26.410639035950012,1.5,2,0.046584129333496094,0.00666499137878418,0.0,000101100111,---+-++--+++,0,True,"[[0.000139, 31.80353807], [0.006433, 30.37840721], [0.006665, 26.41063904]]",17,quantum,1,
precond_pen=1.600,12,-0.7615642584220002,26.410639035950012,1.6,2,0.05572700500488281,0.006453990936279297,0.0,000101100111,---+-++--+++,0,True,"[[0.000147, 31.80353807], [0.006124, 30.37840721], [0.006454, 26.41063904]]",17,quantum,1,
precond_pen=1.700,12,-0.739943236778001,26.410639035950012,1.7,2,0.04322695732116699,0.005570173263549805,0.0,000101100111,---+-++--+++,0,True,"[[0.000158, 31.80353807], [0.005103, 29.40191027], [0.005409, 27.82287069], [0.00557, 26.41063904]]",17,quantum,1,
precond_pen=1.800,12,-4.285440861232001,26.410639035950012,1.8,2,0.017491817474365234,0.006209850311279297,0.0,000101100111,---+-++--+++,0,True,"[[0.000208, 31.80353807], [0.005885, 27.82287069], [0.00621, 26.41063904]]",17,quantum,1,
precond_pen=1.900,12,-4.166908818714997,26.410639035950012,1.9,2,0.012218952178955078,0.004928112030029297,0.0,111010011000,+++-+--++---,0,True,"[[0.000119, 31.80353807], [0.004242, 31.09469679], [0.004669, 29.70978881], [0.004928, 26.41063904]]",17,quantum,1,
precond_pen=2.000,12,-4.035014400851001,26.410639035950012,2.0,2,0.009847879409790039,0.0037441253662109375,0.0,000101100111,---+-++--+++,0,True,"[[0.000157, 31.80353807], [0.003462, 27.36395399], [0.003744, 26.41063904]]",17,quantum,1,
baseline,12,29.462082536477027,29.462082536477006,,2,0.057374000549316406,0.003181934356689453,0.0,000100011111,---+---+++++,0,True,"[[9.2e-05, 30.71988525], [0.003182, 29.46208254]]",18,quantum,1,
precond_pen=1.100,12,-1.0208254435870012,29.48232613137901,1.1,2,0.018971920013427734,0.0057370662689208984,0.0,101011100001,+-+-+++----+,0,True,"[[0.000206, 30.71988525], [0.005737, 29.48232613]]",18,quantum,1,
precond_pen=1.200,12,-0.9580042467130001,29.48232613137901,1.2,2,0.023333072662353516,0.005268096923828125,0.0,101011100001,+-+-+++----+,0,True,"[[0.000151, 30.71988525], [0.005268, 29.48232613]]",18,quantum,1,
precond_pen=1.300,12,-0.9076697813059988,29.48232613137901,1.3,2,0.02067089080810547,0.005717039108276367,0.0,101011100001,+-+-+++----+,0,True,"[[0.000144, 30.71988525], [0.005717, 29.48232613]]",18,quantum,1,
precond_pen=1.400,12,-0.8664259305380009,29.48232613137901,1.4,2,0.016666889190673828,0.00392603874206543,0.0,101011100001,+-+-+++----+,0,True,"[[0.000138, 30.71988525], [0.003926, 29.48232613]]",18,quantum,1,
precond_pen=1.500,12,-0.832007630719005,29.48232613137901,1.5,2,0.016810894012451172,0.0034089088439941406,0.0,101011100001,+-+-+++----+,0,True,"[[0.000102, 30.71988525], [0.003409, 29.48232613]]",18,quantum,1,
precond_pen=1.600,12,-0.8028459329910014,29.48232613137901,1.6,2,0.023652076721191406,0.0035681724548339844,0.0,101011100001,+-+-+++----+,0,True,"[[0.000127, 30.71988525], [0.003568, 29.48232613]]",18,quantum,1,
precond_pen=1.700,12,-0.7778192877800034,29.48232613137901,1.7,2,0.02473902702331543,0.006315946578979492,0.0,101011100001,+-+-+++----+,0,True,"[[0.000174, 30.71988525], [0.006316, 29.48232613]]",18,quantum,1,
precond_pen=1.800,12,-0.7561045447670036,29.48232613137901,1.8,2,0.02906012535095215,0.005847930908203125,0.0,101011100001,+-+-+++----+,0,True,"[[0.000159, 30.71988525], [0.005848, 29.48232613]]",18,quantum,1,
precond_pen=1.900,12,-0.737083820014,29.48232613137901,1.9,2,0.026199817657470703,0.00574183464050293,0.0,101011100001,+-+-+++----+,0,True,"[[0.000165, 30.71988525], [0.005742, 29.48232613]]",18,quantum,1,
precond_pen=2.000,12,-0.7202841422340001,29.48232613137901,2.0,2,0.022790908813476562,0.005759000778198242,0.0,101011100001,+-+-+++----+,0,True,"[[0.00015, 30.71988525], [0.005759, 29.48232613]]",18,quantum,1,
baseline,12,28.48525782865699,28.485257828657012,,2,0.03543519973754883,0.01172018051147461,0.0,000111001011,---+++--+-++,0,True,"[[0.000129, 38.34315014], [0.003407, 37.31064527], [0.003586, 37.26998729], [0.003702, 29.81321301], [0.01172, 28.48525783]]",19,quantum,1,
precond_pen=1.100,12,-0.9797190850939979,28.485257828657012,1.1,2,0.017150163650512695,0.00567317008972168,0.0,000111001011,---+++--+-++,0,True,"[[0.000153, 38.34315014], [0.005046, 31.85553822], [0.00552, 31.87900212], [0.005673, 28.48525783]]",19,quantum,1,
precond_pen=1.200,12,-0.9225390452119999,28.485257828657012,1.2,2,0.022874116897583008,0.011049985885620117,0.0,000111001011,---+++--+-++,0,True,"[[0.000176, 38.34315014], [0.006422, 35.05353634], [0.006823, 29.81321301], [0.01105, 28.48525783]]",19,quantum,1,
precond_pen=1.300,12,-0.8765289172989998,28.485257828657012,1.3,2,0.018980026245117188,0.0060579776763916016,0.0,000111001011,---+++--+-++,0,True,"[[0.000174, 38.34315014], [0.005457, 34.01368863], [0.005895, 34.00207329], [0.006058, 28.48525783]]",19,quantum,1,
precond_pen=1.400,12,-0.8386973839169967,28.485257828657012,1.4,2,0.023817062377929688,0.005385875701904297,0.0,000111001011,---+++--+-++,0,True,"[[0.000136, 38.34315014], [0.005168, 34.00207329], [0.005386, 28.48525783]]",19,quantum,1,
precond_pen=1.500,12,-0.8070356052949998,28.485257828657012,1.5,2,0.01743602752685547,0.005501985549926758,0.0,000111001011,---+++--+-++,0,True,"[[0.000161, 38.34315014], [0.005096, 33.17185245], [0.005397, 29.03549731], [0.005502, 28.48525783]]",19,quantum,1,
precond_pen=1.600,12,-0.7801442699799992,28.485257828657012,1.6,2,0.020889997482299805,0.004560947418212891,0.0,000111001011,---+++--+-++,0,True,"[[0.000139, 38.34315014], [0.004279, 36.91116554], [0.00444, 34.00207329], [0.004561, 28.48525783]]",19,quantum,1,
precond_pen=1.700,12,-0.7570180897510017,28.485257828657012,1.7,2,0.019389867782592773,0.0050258636474609375,0.0,000111001011,---+++--+-++,0,True,"[[0.000123, 38.34315014], [0.004623, 31.52501182], [0.004919, 29.03549731], [0.005026, 28.48525783]]",19,quantum,1,
precond_pen=1.800,12,-0.7369163316160012,28.485257828657012,1.8,2,0.020328998565673828,0.009450912475585938,0.0,000111001011,---+++--+-++,0,True,"[[0.000126, 38.34315014], [0.003961, 32.38964738], [0.00409, 29.81321301], [0.009451, 28.48525783]]",19,quantum,1,
precond_pen=1.900,12,-0.7192808830259985,28.485257828657012,1.9,2,0.024669170379638672,0.011718034744262695,0.0,000111001011,---+++--+-++,0,True,"[[0.000194, 38.34315014], [0.005418, 37.8891024], [0.005839, 37.31064527], [0.006051, 32.38964738], [0.006181, 29.81321301], [0.011718, 28.48525783]]",19,quantum,1,
precond_pen=2.000,12,-0.7036832504019994,28.485257828657012,2.0,2,0.019331932067871094,0.010426998138427734,0.0,000111001011,---+++--+-++,0,True,"[[0.000144, 38.34315014], [0.005245, 37.8891024], [0.005621, 37.31064527], [0.005808, 32.38964738], [0.005927, 29.81321301], [0.010427, 28.48525783]]",19,quantum,1,
baseline,12,24.940013813704002,24.940013813704,,2,0.043023109436035156,0.014379024505615234,0.0,011100110010,-+++--++--+-,0,True,"[[0.000148, 34.51707049], [0.005037, 31.73939163], [0.005275, 30.57899604], [0.005439, 25.59706669], [0.014379, 24.94001381]]",20,quantum,1,
precond_pen=1.100,12,-0.9702478817399989,24.940013813704,1.1,2,0.022216796875,0.005196809768676758,0.0,100011001101,+---++--++-+,0,True,"[[0.000134, 34.51707049], [0.004757, 32.43541971], [0.005045, 30.28734623], [0.005197, 24.94001381]]",20,quantum,1,
precond_pen=1.200,12,-0.9158638722249988,24.940013813704,1.2,2,0.012926101684570312,0.006952047348022461,0.0,100011001101,+---++--++-+,0,True,"[[0.000111, 34.51707049], [0.003695, 30.30778603], [0.003913, 30.05333869], [0.004066, 29.94480036], [0.00416, 25.59706669], [0.006952, 24.94001381]]",20,quantum,1,
precond_pen=1.300,12,-0.8718003798689988,24.940013813704,1.3,2,0.013988971710205078,0.003673076629638672,0.0,100011001101,+---++--++-+,0,True,"[[9.1e-05, 34.51707049], [0.003571, 31.18805723], [0.003673, 24.94001381]]",20,quantum,1,
precond_pen=1.400,12,-0.8353648994150005,24.940013813704,1.4,2,0.019201993942260742,0.005446910858154297,0.0,100011001101,+---++--++-+,0,True,"[[0.000147, 34.51707049], [0.004732, 33.22493653], [0.005109, 30.05333869], [0.005327, 29.81698458], [0.005447, 24.94001381]]",20,quantum,1,
precond_pen=1.500,12,-0.804728587126001,24.940013813704,1.5,2,0.018863916397094727,0.005953073501586914,0.0,100011001101,+---++--++-+,0,True,"[[0.000175, 34.51707049], [0.005154, 32.21794872], [0.005532, 31.73939163], [0.00583, 29.94480036], [0.005953, 24.94001381]]",20,quantum,1,
precond_pen=1.600,12,-0.7786051701670011,24.940013813704,1.6,2,0.02337193489074707,0.009787797927856445,0.0,011100110010,-+++--++--+-,0,True,"[[0.000166, 34.51707049], [0.005488, 30.19649926], [0.005675, 25.59706669], [0.009788, 24.94001381]]",20,quantum,1,
precond_pen=1.700,12,-0.7560634659989987,24.940013813704,1.7,2,0.03140115737915039,0.017409801483154297,0.0,011100110010,-+++--++--+-,0,True,"[[0.000164, 34.51707049], [0.006841, 26.85268135], [0.007032, 25.59706669], [0.01741, 24.94001381]]",20,quantum,1,
precond_pen=1.800,12,-0.736412464219999,24.940013813704,1.8,2,0.02005314826965332,0.011322975158691406,0.0,011100110010,-+++--++--+-,0,True,"[[0.000146, 34.51707049], [0.005726, 26.85268135], [0.005891, 25.59706669], [0.011323, 24.94001381]]",20,quantum,1,
precond_pen=1.900,12,-0.7191284518939982,24.940013813704,1.9,2,0.017997026443481445,0.007389068603515625,0.0,011100110010,-+++--++--+-,0,True,"[[0.000115, 34.51707049], [0.004047, 26.85268135], [0.004147, 25.59706669], [0.007389, 24.94001381]]",20,quantum,1,
precond_pen=2.000,12,-0.7038072447430022,24.940013813704,2.0,2,0.017319917678833008,0.007567882537841797,0.0,011100110010,-+++--++--+-,0,True,"[[0.000114, 34.51707049], [0.004292, 26.85268135], [0.004416, 25.59706669], [0.007568, 24.94001381]]",20,quantum,1,
baseline,12,28.297260951524,28.297260951523988,,2,0.047122955322265625,0.043077945709228516,0.0,110101110000,++-+-+++----,0,True,"[[0.000104, 33.82111204], [0.003624, 28.58581031], [0.043078, 28.29726095], [0.046222, 28.29726095]]",21,quantum,1,
precond_pen=1.100,12,-0.9433430296380001,28.297260951523988,1.1,2,0.04256415367126465,0.040472984313964844,0.0,110101110000,++-+-+++----,0,True,"[[0.000136, 33.82111204], [0.004658, 33.08414866], [0.004782, 28.80087339], [0.008651, 28.64150678], [0.040473, 28.29726095]]",21,quantum,1,
precond_pen=1.200,12,-0.8903530580679995,28.297260951523988,1.2,2,0.048171043395996094,0.005825996398925781,0.0,001010001111,--+-+---++++,0,True,"[[0.000153, 33.82111204], [0.005648, 29.21428557], [0.005826, 28.29726095]]",21,quantum,1,
precond_pen=1.300,12,-0.8476678536690008,28.297260951523988,1.3,2,0.03679609298706055,0.005820035934448242,0.0,001010001111,--+-+---++++,0,True,"[[0.000153, 33.82111204], [0.005587, 29.21428557], [0.00582, 28.29726095]]",21,quantum,1,
precond_pen=1.400,12,-0.8125392233780033,28.297260951523988,1.4,2,0.05702805519104004,0.04361391067504883,0.0,110101110000,++-+-+++----,0,True,"[[0.000174, 33.82111204], [0.006132, 33.08414866], [0.006423, 28.80087339], [0.009743, 28.58581031], [0.043614, 28.29726095]]",21,quantum,1,
precond_pen=1.500,12,-0.7831181559690013,28.297260951523988,1.5,2,0.05025601387023926,0.03861403465270996,0.0,110101110000,++-+-+++----,0,True,"[[0.000134, 33.82111204], [0.00496, 33.08414866], [0.005112, 28.80087339], [0.008539, 28.58581031], [0.038614, 28.29726095]]",21,quantum,1,
precond_pen=1.600,12,-0.7581144263740018,28.297260951523988,1.6,2,0.06310200691223145,0.050089120864868164,0.0,110101110000,++-+-+++----,0,True,"[[0.000157, 33.82111204], [0.005207, 32.87246657], [0.005659, 28.80087339], [0.008313, 28.58581031], [0.050089, 28.29726095]]",21,quantum,1,
precond_pen=1.700,12,-0.7366001655359966,28.297260951523988,1.7,2,0.06139993667602539,0.05103898048400879,0.0,001010001111,--+-+---++++,0,True,"[[0.000176, 33.82111204], [0.005245, 28.58581031], [0.051039, 28.29726095]]",21,quantum,1,
precond_pen=1.800,12,-0.7178909042379971,28.297260951523988,1.8,2,0.06553196907043457,0.05452394485473633,0.0,001010001111,--+-+---++++,0,True,"[[0.000133, 33.82111204], [0.005357, 28.58581031], [0.054524, 28.29726095]]",21,quantum,1,
precond_pen=1.900,12,-0.7014704283949955,28.297260951523988,1.9,2,0.06354689598083496,0.04840683937072754,0.0,001010001111,--+-+---++++,0,True,"[[0.000161, 33.82111204], [0.005637, 28.58581031], [0.048407, 28.29726095]]",21,quantum,1,
precond_pen=2.000,12,-0.6869420636540022,28.297260951523988,2.0,2,0.055899858474731445,0.043251991271972656,0.0,001010001111,--+-+---++++,0,True,"[[0.000157, 33.82111204], [0.005661, 28.58581031], [0.043252, 28.29726095]]",21,quantum,1,
baseline,12,31.463189690856,31.46318969085599,,2,0.04402589797973633,0.015079975128173828,0.0,010110010110,-+-++--+-++-,0,True,"[[0.000142, 41.86415609], [0.005772, 37.29388169], [0.006062, 32.43465927], [0.01508, 31.46318969]]",22,quantum,1,
precond_pen=1.100,12,-0.9525300592429984,31.46318969085599,1.1,2,0.03405499458312988,0.03188300132751465,0.0,010110010110,-+-++--+-++-,0,True,"[[0.00019, 41.86415609], [0.0066, 35.94648525], [0.006874, 32.43465927], [0.031883, 31.46318969], [0.033338, 31.46318969]]",22,quantum,1,
precond_pen=1.200,12,-0.8978526843459971,31.46318969085599,1.2,2,0.03953981399536133,0.03726696968078613,0.0,010110010110,-+-++--+-++-,0,True,"[[0.000198, 41.86415609], [0.006621, 40.42642069], [0.006959, 39.2596067], [0.007198, 33.99548247], [0.007348, 32.43465927], [0.037267, 31.46318969]]",22,quantum,1,
precond_pen=1.300,12,-0.8539143804690008,31.46318969085599,1.3,2,0.03585195541381836,0.03394794464111328,0.0,101001101001,+-+--++-+--+,0,True,"[[0.000161, 41.86415609], [0.004846, 36.59996251], [0.005119, 35.70373028], [0.005286, 35.13187168], [0.005407, 32.43465927], [0.033626, 32.05620903], [0.033948, 31.46318969]]",22,quantum,1,
precond_pen=1.400,12,-0.8178280230529982,31.46318969085599,1.4,2,0.04131484031677246,0.03978395462036133,0.0,101001101001,+-+--++-+--+,0,True,"[[0.00014, 41.86415609], [0.004728, 35.08455006], [0.005044, 33.99548247], [0.005157, 32.43465927], [0.038752, 32.05620903], [0.039784, 31.46318969], [0.040716, 31.46318969]]",22,quantum,1,
precond_pen=1.500,12,-0.7876575842649967,31.46318969085599,1.5,2,0.04571890830993652,0.04369688034057617,0.0,101001101001,+-+--++-+--+,0,True,"[[0.000186, 41.86415609], [0.006091, 38.78105623], [0.006323, 32.43465927], [0.043346, 32.05620903], [0.043697, 31.46318969]]",22,quantum,1,
precond_pen=1.600,12,-0.7620559893910039,31.46318969085599,1.6,2,0.04782605171203613,0.045847177505493164,0.0,010110010110,-+-++--+-++-,0,True,"[[0.000161, 41.86415609], [0.005561, 38.78105623], [0.005762, 32.43465927], [0.045491, 32.05620903], [0.045847, 31.46318969]]",22,quantum,1,
precond_pen=1.700,12,-0.740056800124,31.46318969085599,1.7,2,0.03877902030944824,0.035501956939697266,0.0,010110010110,-+-++--+-++-,0,True,"[[0.000138, 41.86415609], [0.004776, 34.95985323], [0.005012, 32.43465927], [0.035502, 31.46318969]]",22,quantum,1,
precond_pen=1.800,12,-0.7209486061340016,31.46318969085599,1.8,2,0.051145076751708984,0.047918081283569336,0.0,010110010110,-+-++--+-++-,0,True,"[[0.000155, 41.86415609], [0.005992, 34.95985323], [0.006207, 32.43465927], [0.047918, 31.46318969]]",22,quantum,1,
precond_pen=1.900,12,-0.7041957488390018,31.46318969085599,1.9,2,0.031722068786621094,0.029714107513427734,0.0,010110010110,-+-++--+-++-,0,True,"[[0.000173, 41.86415609], [0.007107, 34.95985323], [0.007313, 32.43465927], [0.024555, 32.05620903], [0.029714, 31.46318969], [0.030908, 31.46318969]]",22,quantum,1,
precond_pen=2.000,12,-0.6893876087710016,31.46318969085599,2.0,2,0.03996610641479492,0.03725099563598633,0.0,010110010110,-+-++--+-++-,0,True,"[[0.000168, 41.86415609], [0.005434, 34.95985323], [0.005612, 32.43465927], [0.037251, 31.46318969]]",22,quantum,1,
baseline,12,29.267312829664988,29.26731282966503,,2,0.06602907180786133,0.005452156066894531,0.0,001111010001,--++++-+---+,0,True,"[[0.000155, 36.99680484], [0.005452, 29.26731283]]",23,quantum,1,
precond_pen=1.100,12,-1.1151035578250008,29.26731282966503,1.1,2,0.023045063018798828,0.007722139358520508,0.0,001111010001,--++++-+---+,0,True,"[[0.000167, 36.99680484], [0.006797, 36.32409888], [0.007311, 35.56117363], [0.007591, 33.39816264], [0.007722, 29.26731283]]",23,quantum,1,
precond_pen=1.200,12,-1.041785710299001,29.26731282966503,1.2,2,0.023160934448242188,0.006860017776489258,0.0,001111010001,--++++-+---+,0,True,"[[0.000185, 36.99680484], [0.006001, 36.6195502], [0.006473, 36.42537896], [0.00672, 32.69395504], [0.00686, 29.26731283]]",23,quantum,1,
precond_pen=1.300,12,-0.9830730006489974,29.26731282966503,1.3,2,0.024480104446411133,0.0062541961669921875,0.0,001111010001,--++++-+---+,0,True,"[[0.000156, 36.99680484], [0.00599, 31.69555352], [0.006254, 29.26731283]]",23,quantum,1,
precond_pen=1.400,12,-0.9349831226669991,29.26731282966503,1.4,2,0.019308805465698242,0.005777835845947266,0.0,001111010001,--++++-+---+,0,True,"[[0.000159, 36.99680484], [0.005613, 36.87156256], [0.005778, 29.26731283]]",23,quantum,1,
precond_pen=1.500,12,-0.8948636960939966,29.26731282966503,1.5,2,0.023897886276245117,0.006342887878417969,0.0,110000101110,++----+-+++-,0,True,"[[0.000178, 36.99680484], [0.005982, 33.39816264], [0.006343, 29.26731283]]",23,quantum,1,
precond_pen=1.600,12,-0.860879605571002,29.26731282966503,1.6,2,0.020437955856323242,0.005833148956298828,0.0,001111010001,--++++-+---+,0,True,"[[0.000162, 36.99680484], [0.005651, 36.96458489], [0.005833, 29.26731283]]",23,quantum,1,
precond_pen=1.700,12,-0.8317198642689982,29.26731282966503,1.7,2,0.017068147659301758,0.00642704963684082,0.0,001111010001,--++++-+---+,0,True,"[[0.000176, 36.99680484], [0.005708, 36.46835067], [0.006111, 36.42537896], [0.00632, 31.68714474], [0.006427, 29.26731283]]",23,quantum,1,
precond_pen=1.800,12,-0.8064231200560004,29.26731282966503,1.8,2,0.025707006454467773,0.007349967956542969,0.0,001111010001,--++++-+---+,0,True,"[[0.000221, 36.99680484], [0.006316, 36.46835067], [0.006869, 36.42537896], [0.007185, 31.68714474], [0.00735, 29.26731283]]",23,quantum,1,
precond_pen=1.900,12,-5.593090380030998,29.26731282966503,1.9,2,0.01440119743347168,0.006743192672729492,0.0,001111010001,--++++-+---+,0,True,"[[0.00015, 36.99680484], [0.005947, 33.62260461], [0.006506, 31.8789811], [0.006743, 29.26731283]]",23,quantum,1,
precond_pen=2.000,12,-5.375035858903999,29.26731282966503,2.0,2,0.01338815689086914,0.007009029388427734,0.0,001111010001,--++++-+---+,0,True,"[[0.00014, 36.99680484], [0.006486, 33.42698353], [0.006851, 31.8789811], [0.007009, 29.26731283]]",23,quantum,1,
baseline,12,27.366012779498984,27.366012779499005,,2,0.0724630355834961,0.007004976272583008,0.0,100010100111,+---+-+--+++,0,True,"[[0.000174, 33.17009917], [0.00658, 33.09420771], [0.007005, 27.36601278]]",24,quantum,1,
precond_pen=1.100,12,-1.1225710256940014,27.366012779499005,1.1,2,0.013119935989379883,0.0035390853881835938,0.0,100010100111,+---+-+--+++,0,True,"[[0.000112, 33.17009917], [0.003438, 32.74832626], [0.003539, 27.36601278]]",24,quantum,1,
precond_pen=1.200,12,-1.049190025668004,27.366012779499005,1.2,2,0.017908096313476562,0.0041141510009765625,0.0,100010100111,+---+-+--+++,0,True,"[[0.000104, 33.17009917], [0.003952, 32.74832626], [0.004114, 27.36601278]]",24,quantum,1,
precond_pen=1.300,12,-0.990292564070999,27.366012779499005,1.3,2,0.022433996200561523,0.005422115325927734,0.0,100010100111,+---+-+--+++,0,True,"[[0.00014, 33.17009917], [0.005229, 32.74832626], [0.005422, 27.36601278]]",24,quantum,1,
precond_pen=1.400,12,-0.9419630113310005,27.366012779499005,1.4,2,0.0249481201171875,0.007268190383911133,0.0,100010100111,+---+-+--+++,0,True,"[[0.000241, 33.17009917], [0.006368, 32.82997258], [0.00703, 32.74832626], [0.007268, 27.36601278]]",24,quantum,1,
precond_pen=1.500,12,-0.9015831284910014,27.366012779499005,1.5,2,0.020190954208374023,0.005021810531616211,0.0,100010100111,+---+-+--+++,0,True,"[[0.000146, 33.17009917], [0.004518, 32.82997258], [0.00492, 32.74832626], [0.005022, 27.36601278]]",24,quantum,1,
precond_pen=1.600,12,-0.867335223247002,27.366012779499005,1.6,2,0.015614986419677734,0.0044939517974853516,0.0,100010100111,+---+-+--+++,0,True,"[[0.000122, 33.17009917], [0.004029, 32.82997258], [0.00439, 32.74832626], [0.004494, 27.36601278]]",24,quantum,1,
precond_pen=1.700,12,-6.121869598701001,27.366012779499005,1.7,2,0.01277613639831543,0.005522012710571289,0.0,100010100111,+---+-+--+++,0,True,"[[0.000126, 33.17009917], [0.005005, 30.81386998], [0.005395, 29.99091013], [0.005522, 27.36601278]]",24,quantum,1,
precond_pen=1.800,12,-5.955767407439998,27.366012779499005,1.8,2,0.010569095611572266,0.0051839351654052734,0.0,100010100111,+---+-+--+++,0,True,"[[0.000121, 33.17009917], [0.004954, 29.99091013], [0.005184, 27.36601278]]",24,quantum,1,
precond_pen=1.900,12,-5.756194089498996,27.366012779499005,1.9,2,0.008867025375366211,0.003918886184692383,0.0,100010100111,+---+-+--+++,0,True,"[[0.000108, 33.17009917], [0.003679, 29.99091013], [0.003919, 27.36601278]]",24,quantum,1,
precond_pen=2.000,12,-5.5419532025719995,27.366012779499005,2.0,2,0.008747100830078125,0.0036499500274658203,0.0,100010100111,+---+-+--+++,0,True,"[[9.1e-05, 33.17009917], [0.003503, 29.99091013], [0.00365, 27.36601278]]",24,quantum,1,
baseline,12,23.839154354381982,23.839154354381986,,2,0.03838396072387695,0.0038077831268310547,0.0,011010001110,-++-+---+++-,0,True,"[[0.00011, 32.71139697], [0.003514, 31.22382675], [0.003676, 28.42280328], [0.003808, 23.83915435]]",25,quantum,1,
precond_pen=1.100,12,-1.0351690168829997,23.839154354381986,1.1,2,0.017694950103759766,0.0062940120697021484,0.0,100101110001,+--+-+++---+,0,True,"[[0.000155, 32.71139697], [0.00612, 25.5358759], [0.006294, 23.83915435]]",25,quantum,1,
precond_pen=1.200,12,-0.9737043528880003,23.839154354381986,1.2,2,0.02855205535888672,0.0065648555755615234,0.0,100101110001,+--+-+++---+,0,True,"[[0.000183, 32.71139697], [0.006199, 25.5358759], [0.006565, 23.83915435]]",25,quantum,1,
precond_pen=1.300,12,-0.9239415270219986,23.839154354381986,1.3,2,0.022001981735229492,0.00606989860534668,0.0,011010001110,-++-+---+++-,0,True,"[[0.000151, 32.71139697], [0.005616, 28.39286231], [0.00596, 28.27478619], [0.00607, 23.83915435]]",25,quantum,1,
precond_pen=1.400,12,-0.8828220543919967,23.839154354381986,1.4,2,0.018088102340698242,0.005135059356689453,0.0,100101110001,+--+-+++---+,0,True,"[[0.000141, 32.71139697], [0.004581, 30.22093545], [0.00486, 28.42280328], [0.005045, 27.51231191], [0.005135, 23.83915435]]",25,quantum,1,
precond_pen=1.500,12,-0.848269223351001,23.839154354381986,1.5,2,0.020082950592041016,0.005412101745605469,0.0,100101110001,+--+-+++---+,0,True,"[[0.000145, 32.71139697], [0.005255, 28.69507634], [0.005412, 23.83915435]]",25,quantum,1,
precond_pen=1.600,12,-0.8188234007259991,23.839154354381986,1.6,2,0.01949310302734375,0.004221916198730469,0.0,100101110001,+--+-+++---+,0,True,"[[0.000163, 32.71139697], [0.004118, 28.69507634], [0.004222, 23.83915435]]",25,quantum,1,
precond_pen=1.700,12,-0.7934281488739998,23.839154354381986,1.7,2,0.014396190643310547,0.003170013427734375,0.0,011010001110,-++-+---+++-,0,True,"[[8.5e-05, 32.71139697], [0.002841, 30.70360959], [0.003035, 28.42280328], [0.00317, 23.83915435]]",25,quantum,1,
precond_pen=1.800,12,-0.771300157883001,23.839154354381986,1.8,2,0.020094871520996094,0.0037817955017089844,0.0,011010001110,-++-+---+++-,0,True,"[[0.000106, 32.71139697], [0.003361, 30.70360959], [0.003612, 28.42280328], [0.003782, 23.83915435]]",25,quantum,1,
precond_pen=1.900,12,-0.7518460334200014,23.839154354381986,1.9,2,0.02211594581604004,0.006829023361206055,0.0,011010001110,-++-+---+++-,0,True,"[[0.000187, 32.71139697], [0.00628, 30.22093545], [0.006658, 28.42280328], [0.006829, 23.83915435]]",25,quantum,1,
precond_pen=2.000,12,-0.7346079747240006,23.839154354381986,2.0,2,0.023880958557128906,0.0054569244384765625,0.0,011010001110,-++-+---+++-,0,True,"[[0.000166, 32.71139697], [0.004976, 30.22093545], [0.00529, 28.42280328], [0.005457, 23.83915435]]",25,quantum,1,
baseline,12,31.399613929604,31.39961392960398,,2,0.06116008758544922,0.056179046630859375,0.0,010100011110,-+-+---++++-,0,True,"[[0.000153, 34.46082601], [0.005696, 32.18432083], [0.013354, 32.11523207], [0.056179, 31.39961393]]",26,quantum,1,
precond_pen=1.100,12,-0.9585800964470002,31.39961392960398,1.1,2,0.025061845779418945,0.006821870803833008,0.0,101011100001,+-+-+++----+,0,True,"[[0.000217, 34.46082601], [0.006458, 31.6591243], [0.006822, 31.39961393]]",26,quantum,1,
precond_pen=1.200,12,-0.9027133843610011,31.39961392960398,1.2,2,0.05364394187927246,0.005839109420776367,0.0,101011100001,+-+-+++----+,0,True,"[[0.000168, 34.46082601], [0.005683, 31.6591243], [0.005839, 31.39961393]]",26,quantum,1,
precond_pen=1.300,12,-0.8579366364399981,31.39961392960398,1.3,2,0.11300301551818848,0.02469491958618164,0.0,101011100001,+-+-+++----+,0,True,"[[0.001629, 34.46082601], [0.023894, 31.6591243], [0.024695, 31.39961393]]",26,quantum,1,
precond_pen=1.400,12,-0.8212357282440017,31.39961392960398,1.4,2,0.056474924087524414,0.019209861755371094,0.0,101011100001,+-+-+++----+,0,True,"[[0.000723, 34.46082601], [0.018465, 32.21931511], [0.01921, 31.39961393]]",26,quantum,1,
precond_pen=1.500,12,-0.7906000796510018,31.39961392960398,1.5,2,0.0850989818572998,0.011865854263305664,0.0,101011100001,+-+-+++----+,0,True,"[[0.000284, 34.46082601], [0.011525, 31.6591243], [0.011866, 31.39961393]]",26,quantum,1,
precond_pen=1.600,12,-4.487748330551001,31.39961392960398,1.6,2,0.03510093688964844,0.026448965072631836,0.0,010100011110,-+-+---++++-,0,True,"[[0.00023, 34.46082601], [0.014459, 34.27025065], [0.015506, 34.01441604], [0.015953, 32.11523207], [0.026449, 31.39961393]]",26,quantum,1,
precond_pen=1.700,12,-4.4337223133910015,31.39961392960398,1.7,2,0.019720077514648438,0.01117396354675293,0.0,101011100001,+-+-+++----+,0,True,"[[0.000382, 34.46082601], [0.010658, 32.4855776], [0.011174, 31.39961393]]",26,quantum,1,
precond_pen=1.800,12,-4.331789863761999,31.39961392960398,1.8,2,0.04323983192443848,0.005728960037231445,0.0,101011100001,+-+-+++----+,0,True,"[[0.000132, 34.46082601], [0.005462, 32.4855776], [0.005729, 31.39961393]]",26,quantum,1,
precond_pen=1.900,12,-4.202945806852998,31.39961392960398,1.9,2,0.02088618278503418,0.006759166717529297,0.0,101011100001,+-+-+++----+,0,True,"[[0.000157, 34.46082601], [0.006454, 33.03297022], [0.006759, 31.39961393]]",26,quantum,1,
precond_pen=2.000,12,-4.061261538034996,31.39961392960398,2.0,2,0.01407003402709961,0.011976957321166992,0.0,101011100001,+-+-+++----+,0,True,"[[0.000152, 34.46082601], [0.005631, 34.01441604], [0.005788, 32.11523207], [0.011856, 31.6591243], [0.011977, 31.39961393]]",26,quantum,1,
baseline,12,29.389637890219976,29.389637890219994,,2,0.09743309020996094,0.013899087905883789,0.0,010010011101,-+--+--+++-+,0,True,"[[0.000165, 36.55661516], [0.006092, 32.96220934], [0.006345, 29.81007898], [0.013899, 29.38963789]]",27,quantum,1,
precond_pen=1.100,12,-0.9414528953969965,29.389637890219994,1.1,2,0.03664684295654297,0.0066449642181396484,0.0,010010011101,-+--+--+++-+,0,True,"[[0.000169, 36.55661516], [0.00645, 31.31601978], [0.006645, 29.38963789]]",27,quantum,1,
precond_pen=1.200,12,-0.8888568966810038,29.389637890219994,1.2,2,0.06497716903686523,0.019019126892089844,0.0,010010011101,-+--+--+++-+,0,True,"[[0.00018, 36.55661516], [0.007573, 32.29575884], [0.007847, 29.81007898], [0.019019, 29.38963789]]",27,quantum,1,
precond_pen=1.300,12,-0.8464524833020004,29.389637890219994,1.3,2,0.055045127868652344,0.013808965682983398,0.0,010010011101,-+--+--+++-+,0,True,"[[0.000162, 36.55661516], [0.005603, 33.10480091], [0.00593, 32.96220934], [0.006125, 29.92881677], [0.006218, 29.81007898], [0.013809, 29.38963789]]",27,quantum,1,
precond_pen=1.400,12,-0.8115319651739998,29.389637890219994,1.4,2,0.07152390480041504,0.014940023422241211,0.0,010010011101,-+--+--+++-+,0,True,"[[0.000165, 36.55661516], [0.00616, 35.60977443], [0.00639, 32.96220934], [0.006527, 29.92881677], [0.006612, 29.81007898], [0.01494, 29.38963789]]",27,quantum,1,
precond_pen=1.500,12,-0.7822698528070013,29.389637890219994,1.5,2,0.04829978942871094,0.0052509307861328125,0.0,010010011101,-+--+--+++-+,0,True,"[[0.000152, 36.55661516], [0.005068, 32.11394935], [0.005251, 29.38963789]]",27,quantum,1,
precond_pen=1.600,12,-0.7573905406560018,29.389637890219994,1.6,2,0.10988521575927734,0.0067021846771240234,2.58024799525468e-09,010010011101,-+--+--+++-+,0,True,"[[0.000181, 36.55661516], [0.006002, 36.14914566], [0.006354, 32.96220934], [0.006578, 32.11394935], [0.006702, 29.38963789]]",27,quantum,1,
precond_pen=1.700,12,-0.7359756216939992,29.389637890219994,1.7,2,0.08381509780883789,0.020611047744750977,0.0,010010011101,-+--+--+++-+,0,True,"[[0.000233, 36.55661516], [0.007844, 34.84788899], [0.008013, 29.81007898], [0.020611, 29.38963789]]",27,quantum,1,
precond_pen=1.800,12,-0.7173469197739966,29.389637890219994,1.8,2,0.08938193321228027,0.013960838317871094,0.0,010010011101,-+--+--+++-+,0,True,"[[0.000232, 36.55661516], [0.008656, 34.84788899], [0.008894, 29.81007898], [0.013961, 29.38963789]]",27,quantum,1,
precond_pen=1.900,12,-0.7009927808719993,29.389637890219994,1.9,2,0.05590391159057617,0.010896921157836914,0.0,010010011101,-+--+--+++-+,0,True,"[[0.000205, 36.55661516], [0.007143, 34.84788899], [0.007355, 29.81007898], [0.010897, 29.38963789]]",27,quantum,1,
precond_pen=2.000,12,-0.6865197440900035,29.389637890219994,2.0,2,0.06008505821228027,0.015420198440551758,0.0,010010011101,-+--+--+++-+,0,True,"[[0.000185, 36.55661516], [0.007515, 34.84788899], [0.007771, 29.81007898], [0.01542, 29.38963789]]",27,quantum,1,
baseline,12,35.52691409408501,35.52691409408501,,2,0.09030604362487793,0.019282102584838867,0.0,111101010000,++++-+-+----,0,True,"[[0.000233, 38.22595012], [0.008115, 37.51763832], [0.018919, 37.42656728], [0.019159, 37.31965685], [0.019228, 37.14470503], [0.019282, 35.52691409]]",28,quantum,1,
precond_pen=1.100,12,-1.0310708184689963,35.52691409408501,1.1,2,0.021394014358520508,0.005845069885253906,0.0,000010101111,----+-+-++++,0,True,"[[0.000144, 38.22595012], [0.005701, 36.52213531], [0.005845, 35.52691409]]",28,quantum,1,
precond_pen=1.200,12,-0.9649924288389968,35.52691409408501,1.2,2,0.026559114456176758,0.005836009979248047,0.0,000010101111,----+-+-++++,0,True,"[[0.000154, 38.22595012], [0.005689, 36.21651343], [0.005836, 35.52691409]]",28,quantum,1,
precond_pen=1.300,12,-0.9124494322410008,35.52691409408501,1.3,2,0.0225069522857666,0.00589299201965332,0.0,000010101111,----+-+-++++,0,True,"[[0.000179, 38.22595012], [0.005734, 36.21651343], [0.005893, 35.52691409]]",28,quantum,1,
precond_pen=1.400,12,-0.8696590481709983,35.52691409408501,1.4,2,0.031219005584716797,0.0071260929107666016,0.0,000010101111,----+-+-++++,0,True,"[[0.000159, 38.22595012], [0.006831, 36.52213531], [0.007126, 35.52691409]]",28,quantum,1,
precond_pen=1.500,12,-0.8341293787700046,35.52691409408501,1.5,2,0.02155590057373047,0.0066640377044677734,0.0,000010101111,----+-+-++++,0,True,"[[0.0002, 38.22595012], [0.006407, 36.52213531], [0.006664, 35.52691409]]",28,quantum,1,
precond_pen=1.600,12,-0.804151884782998,35.52691409408501,1.6,2,0.020999908447265625,0.007164955139160156,0.0,000010101111,----+-+-++++,0,True,"[[0.000165, 38.22595012], [0.006911, 36.52213531], [0.007165, 35.52691409]]",28,quantum,1,
precond_pen=1.700,12,-0.7785161988529987,35.52691409408501,1.7,2,0.03353595733642578,0.008491992950439453,0.0,000010101111,----+-+-++++,0,True,"[[0.000186, 38.22595012], [0.008187, 36.52213531], [0.008492, 35.52691409]]",28,quantum,1,
precond_pen=1.800,12,-0.7563403552449959,35.52691409408501,1.8,2,0.0203399658203125,0.005407094955444336,0.0,000010101111,----+-+-++++,0,True,"[[0.000151, 38.22595012], [0.005278, 36.52213531], [0.005407, 35.52691409]]",28,quantum,1,
precond_pen=1.900,12,-0.7369666442670004,35.52691409408501,1.9,2,0.022517919540405273,0.006089925765991211,0.0,000010101111,----+-+-++++,0,True,"[[0.000139, 38.22595012], [0.00594, 36.52213531], [0.00609, 35.52691409]]",28,quantum,1,
precond_pen=2.000,12,-0.7198942512259983,35.52691409408501,2.0,2,0.02290797233581543,0.006363868713378906,0.0,000010101111,----+-+-++++,0,True,"[[0.000141, 38.22595012], [0.006198, 36.52213531], [0.006364, 35.52691409]]",28,quantum,1,
baseline,12,26.920281323427016,26.920281323427005,,2,0.08766412734985352,0.008860111236572266,0.0,010110100011,-+-++-+---++,0,True,"[[0.000205, 35.42782907], [0.008134, 34.90661777], [0.008614, 34.5392808], [0.00886, 26.92028132]]",29,quantum,1,
precond_pen=1.100,12,-1.0763999834350013,26.920281323427005,1.1,2,0.02943897247314453,0.008909940719604492,0.0,010110100011,-+-++-+---++,0,True,"[[0.000221, 35.42782907], [0.00773, 34.52732494], [0.008357, 32.91762695], [0.008712, 32.15831404], [0.00891, 26.92028132]]",29,quantum,1,
precond_pen=1.200,12,-1.008277446848,26.920281323427005,1.2,2,0.03770112991333008,0.00885915756225586,0.0,010110100011,-+-++-+---++,0,True,"[[0.000216, 35.42782907], [0.00804, 33.30686016], [0.008418, 32.91762695], [0.008694, 31.17848958], [0.008859, 26.92028132]]",29,quantum,1,
precond_pen=1.300,12,-0.9535401272560007,26.920281323427005,1.3,2,0.032903194427490234,0.00832819938659668,0.0,010110100011,-+-++-+---++,0,True,"[[0.000229, 35.42782907], [0.008039, 31.17848958], [0.008328, 26.92028132]]",29,quantum,1,
precond_pen=1.400,12,-0.9085890026749999,26.920281323427005,1.4,2,0.03109598159790039,0.00730586051940918,0.0,010110100011,-+-++-+---++,0,True,"[[0.000199, 35.42782907], [0.006443, 31.68131743], [0.006937, 31.36632266], [0.007175, 31.17848958], [0.007306, 26.92028132]]",29,quantum,1,
precond_pen=1.500,12,-0.8710100628410036,26.920281323427005,1.5,2,0.025081872940063477,0.006414890289306641,0.0,010110100011,-+-++-+---++,0,True,"[[0.000179, 35.42782907], [0.005681, 31.68131743], [0.006075, 31.36632266], [0.006292, 31.17848958], [0.006415, 26.92028132]]",29,quantum,1,
precond_pen=1.600,12,-0.8391237892049981,26.920281323427005,1.6,2,0.025961875915527344,0.008249044418334961,0.0,010110100011,-+-++-+---++,0,True,"[[0.000171, 35.42782907], [0.007318, 31.68131743], [0.007758, 31.36632266], [0.008107, 31.17848958], [0.008249, 26.92028132]]",29,quantum,1,
precond_pen=1.700,12,-0.8117253038119969,26.920281323427005,1.7,2,0.029582977294921875,0.007648944854736328,0.0,010110100011,-+-++-+---++,0,True,"[[0.000191, 35.42782907], [0.006744, 31.68131743], [0.007154, 31.36632266], [0.007503, 31.17848958], [0.007649, 26.92028132]]",29,quantum,1,
precond_pen=1.800,12,-0.787927982654999,26.920281323427005,1.8,2,0.03153705596923828,0.0069849491119384766,0.0,010110100011,-+-++-+---++,0,True,"[[0.000168, 35.42782907], [0.006229, 31.68131743], [0.006659, 31.36632266], [0.006856, 31.17848958], [0.006985, 26.92028132]]",29,quantum,1,
precond_pen=1.900,12,-0.7670642908090013,26.920281323427005,1.9,2,0.033402204513549805,0.007245779037475586,0.0,010110100011,-+-++-+---++,0,True,"[[0.00018, 35.42782907], [0.006372, 33.45193794], [0.006821, 32.91762695], [0.007075, 31.17848958], [0.007246, 26.92028132]]",29,quantum,1,
precond_pen=2.000,12,-0.7486225857079978,26.920281323427005,2.0,2,0.026835918426513672,0.007253885269165039,0.0,010110100011,-+-++-+---++,0,True,"[[0.000173, 35.42782907], [0.006413, 34.08993456], [0.00687, 32.91762695], [0.007108, 31.17848958], [0.007254, 26.92028132]]",29,quantum,1,
baseline,12,29.552613782494007,29.552613782493996,,2,0.08068203926086426,0.007543087005615234,0.0,111100101000,++++--+-+---,0,True,"[[0.000172, 36.61229461], [0.006592, 34.38175538], [0.007322, 32.99271083], [0.007543, 29.55261378]]",30,quantum,1,
precond_pen=1.100,12,-1.0272074632069996,29.552613782493996,1.1,2,0.032060861587524414,0.007759809494018555,0.0,000011010111,----++-+-+++,0,True,"[[0.000147, 36.61229461], [0.006664, 35.77085768], [0.00717, 34.38175538], [0.007591, 34.28847041], [0.00776, 29.55261378]]",30,quantum,1,
precond_pen=1.200,12,-0.9639408619430014,29.552613782493996,1.2,2,0.032050132751464844,0.007687091827392578,0.0,111100101000,++++--+-+---,0,True,"[[0.000164, 36.61229461], [0.006902, 35.30418234], [0.007455, 34.38175538], [0.007687, 29.55261378]]",30,quantum,1,
precond_pen=1.300,12,-0.9131888425170027,29.552613782493996,1.3,2,0.024646997451782227,0.006592988967895508,0.0,111100101000,++++--+-+---,0,True,"[[0.00015, 36.61229461], [0.00588, 35.30418234], [0.006359, 34.38175538], [0.006593, 29.55261378]]",30,quantum,1,
precond_pen=1.400,12,-0.8715651787449978,29.552613782493996,1.4,2,0.034787893295288086,0.006493091583251953,0.0,111100101000,++++--+-+---,0,True,"[[0.000155, 36.61229461], [0.005819, 35.30418234], [0.006291, 34.38175538], [0.006493, 29.55261378]]",30,quantum,1,
precond_pen=1.500,12,-0.8368056183579968,29.552613782493996,1.5,2,0.03062605857849121,0.008358001708984375,0.0,111100101000,++++--+-+---,0,True,"[[0.000172, 36.61229461], [0.007502, 35.30418234], [0.008068, 34.38175538], [0.008358, 29.55261378]]",30,quantum,1,
precond_pen=1.600,12,-0.8073385651980001,29.552613782493996,1.6,2,0.02369093894958496,0.00771784782409668,0.0,000011010111,----++-+-+++,0,True,"[[0.000179, 36.61229461], [0.007491, 34.77038276], [0.007718, 29.55261378]]",30,quantum,1,
precond_pen=1.700,12,-0.7820387451569983,29.552613782493996,1.7,2,0.024187803268432617,0.007272005081176758,0.0,000011010111,----++-+-+++,0,True,"[[0.000175, 36.61229461], [0.007076, 34.77038276], [0.007272, 29.55261378]]",30,quantum,1,
precond_pen=1.800,12,-0.760079145724001,29.552613782493996,1.8,2,0.030391931533813477,0.00733494758605957,0.0,000011010111,----++-+-+++,0,True,"[[0.000176, 36.61229461], [0.007154, 34.77038276], [0.007335, 29.55261378]]",30,quantum,1,
precond_pen=1.900,12,-0.7408383237910012,29.552613782493996,1.9,2,0.03166508674621582,0.006865978240966797,0.0,000011010111,----++-+-+++,0,True,"[[0.000136, 36.61229461], [0.006702, 34.77038276], [0.006866, 29.55261378]]",30,quantum,1,
precond_pen=2.000,12,-0.7238401236299987,29.552613782493996,2.0,2,0.02840399742126465,0.006504058837890625,0.0,000011010111,----++-+-+++,0,True,"[[0.000153, 36.61229461], [0.006348, 34.77038276], [0.006504, 29.55261378]]",30,quantum,1,
baseline,12,31.035721847381986,31.03572184738199,,2,0.04969000816345215,0.01767706871032715,0.0,100111001100,+--+++--++--,0,True,"[[0.000148, 33.02833402], [0.006091, 31.39728866], [0.017677, 31.03572185]]",31,quantum,1,
precond_pen=1.100,12,-0.9840260736919983,31.03572184738199,1.1,2,0.02949810028076172,0.007883071899414062,0.0,011000110011,-++---++--++,0,True,"[[0.000155, 33.02833402], [0.00761, 31.75556407], [0.007883, 31.03572185]]",31,quantum,1,
precond_pen=1.200,12,-0.9254872579939999,31.03572184738199,1.2,2,0.02444911003112793,0.010702133178710938,0.0,011000110011,-++---++--++,0,True,"[[0.000213, 33.02833402], [0.00738, 31.39728866], [0.010702, 31.03572185]]",31,quantum,1,
precond_pen=1.300,12,-0.878542014525002,31.03572184738199,1.3,2,0.04888796806335449,0.04573702812194824,0.0,011000110011,-++---++--++,0,True,"[[0.000226, 33.02833402], [0.007591, 31.39728866], [0.045737, 31.03572185]]",31,quantum,1,
precond_pen=1.400,12,-0.8400469657519967,31.03572184738199,1.4,2,0.055129051208496094,0.03371691703796387,0.0,011000110011,-++---++--++,0,True,"[[0.00025, 33.02833402], [0.008056, 31.39728866], [0.033717, 31.03572185]]",31,quantum,1,
precond_pen=1.500,12,-0.8079028912589985,31.03572184738199,1.5,2,0.11553502082824707,0.11290097236633301,0.0,011000110011,-++---++--++,0,True,"[[0.000158, 33.02833402], [0.007133, 31.39728866], [0.112901, 31.03572185]]",31,quantum,1,
precond_pen=1.600,12,-0.7806539637289998,31.03572184738199,1.6,2,0.08299708366394043,0.03902006149291992,0.0,011000110011,-++---++--++,0,True,"[[0.000154, 33.02833402], [0.005947, 31.39728866], [0.03902, 31.03572185]]",31,quantum,1,
precond_pen=1.700,12,-0.757258389068002,31.03572184738199,1.7,2,0.07810807228088379,0.054937124252319336,0.0,011000110011,-++---++--++,0,True,"[[0.000155, 33.02833402], [0.006884, 31.39728866], [0.054937, 31.03572185]]",31,quantum,1,
precond_pen=1.800,12,-0.7369511364019967,31.03572184738199,1.8,2,0.05795598030090332,0.05556607246398926,0.0,100111001100,+--+++--++--,0,True,"[[0.000174, 33.02833402], [0.007186, 31.39728866], [0.055566, 31.03572185], [0.057002, 31.03572185]]",31,quantum,1,
precond_pen=1.900,12,-0.7191573063429981,31.03572184738199,1.9,2,0.04597902297973633,0.04296994209289551,0.0,011000110011,-++---++--++,0,True,"[[0.000163, 33.02833402], [0.006514, 31.39728866], [0.04297, 31.03572185], [0.04487, 31.03572185]]",31,quantum,1,
precond_pen=2.000,12,-0.7034366422300007,31.03572184738199,2.0,2,0.04452991485595703,0.04133796691894531,0.0,011000110011,-++---++--++,0,True,"[[0.000179, 33.02833402], [0.00712, 31.39728866], [0.041338, 31.03572185]]",31,quantum,1,
baseline,12,31.987884660915,31.987884660914986,,2,0.09966611862182617,0.03619503974914551,0.0,001101011010,--++-+-++-+-,0,True,"[[0.000193, 38.83721329], [0.007218, 38.70525561], [0.008071, 37.29755164], [0.008347, 32.12155497], [0.036195, 31.98788466]]",32,quantum,1,
precond_pen=1.100,12,-0.9406049493070014,31.987884660914986,1.1,2,0.05306410789489746,0.009391069412231445,0.0,001101011010,--++-+-++-+-,0,True,"[[0.000182, 38.83721329], [0.006237, 38.29697179], [0.006665, 37.29755164], [0.006882, 32.12155497], [0.009391, 31.98788466]]",32,quantum,1,
precond_pen=1.200,12,-0.8866156823920024,31.987884660914986,1.2,2,0.040518999099731445,0.006803989410400391,0.0,001101011010,--++-+-++-+-,0,True,"[[0.000175, 38.83721329], [0.006604, 38.58276798], [0.006804, 31.98788466]]",32,quantum,1,
precond_pen=1.300,12,-0.8433488966740024,31.987884660914986,1.3,2,0.042510986328125,0.004563093185424805,0.0,001101011010,--++-+-++-+-,0,True,"[[0.000132, 38.83721329], [0.004395, 38.29697179], [0.004563, 31.98788466]]",32,quantum,1,
precond_pen=1.400,12,-0.8078909471910025,31.987884660914986,1.4,2,0.05277895927429199,0.006785869598388672,0.0,001101011010,--++-+-++-+-,0,True,"[[0.000142, 38.83721329], [0.005934, 36.95040171], [0.006367, 36.09061217], [0.006614, 34.05680187], [0.006786, 31.98788466]]",32,quantum,1,
precond_pen=1.500,12,-0.7782978013869997,31.987884660914986,1.5,2,0.0593719482421875,0.007072925567626953,0.0,001101011010,--++-+-++-+-,0,True,"[[0.000149, 38.83721329], [0.006274, 36.95040171], [0.006744, 36.09061217], [0.006933, 34.05680187], [0.007073, 31.98788466]]",32,quantum,1,
precond_pen=1.600,12,-0.7532222891850004,31.987884660914986,1.6,2,0.0483241081237793,0.005784034729003906,0.0,001101011010,--++-+-++-+-,0,True,"[[0.000151, 38.83721329], [0.005102, 37.23923475], [0.005495, 36.09061217], [0.005664, 34.05680187], [0.005784, 31.98788466]]",32,quantum,1,
precond_pen=1.700,12,-0.7317010847860006,31.987884660914986,1.7,2,0.047451019287109375,0.03235602378845215,0.0,110010100101,++--+-+--+-+,0,True,"[[0.000139, 38.83721329], [0.004142, 35.82507761], [0.004266, 32.12155497], [0.032356, 31.98788466]]",32,quantum,1,
precond_pen=1.800,12,-0.7130271312399996,31.987884660914986,1.8,2,0.06341195106506348,0.011082887649536133,0.0,001101011010,--++-+-++-+-,0,True,"[[0.000212, 38.83721329], [0.007254, 36.18256728], [0.007465, 32.12155497], [0.011083, 31.98788466]]",32,quantum,1,
precond_pen=1.900,12,-0.6966694633499992,31.987884660914986,1.9,2,0.06234908103942871,0.01063394546508789,0.0,001101011010,--++-+-++-+-,0,True,"[[0.000206, 38.83721329], [0.006909, 36.18256728], [0.007071, 32.12155497], [0.010634, 31.98788466]]",32,quantum,1,
precond_pen=2.000,12,-0.6822215017820019,31.987884660914986,2.0,2,0.04297804832458496,0.009677886962890625,0.0,110010100101,++--+-+--+-+,0,True,"[[0.000154, 38.83721329], [0.006257, 38.18667927], [0.006695, 37.29755164], [0.006917, 35.82507761], [0.007044, 32.12155497], [0.009678, 31.98788466]]",32,quantum,1,
baseline,12,30.32313426902201,30.32313426902201,,2,0.06319499015808105,0.005109071731567383,0.0,010100010111,-+-+---+-+++,0,True,"[[0.000139, 35.88538343], [0.004955, 35.21223617], [0.005109, 30.32313427]]",33,quantum,1,
precond_pen=1.100,12,-0.9083770165019995,30.32313426902201,1.1,2,0.08094286918640137,0.015683889389038086,0.0,010100010111,-+-+---+-+++,0,True,"[[0.000154, 35.88538343], [0.006445, 35.28669948], [0.006804, 30.48737055], [0.015684, 30.32313427]]",33,quantum,1,
precond_pen=1.200,12,-0.8588450448839957,30.32313426902201,1.2,2,0.05213499069213867,0.008653879165649414,0.0,010100010111,-+-+---+-+++,0,True,"[[0.000166, 35.88538343], [0.005396, 35.28669948], [0.005714, 30.48737055], [0.008654, 30.32313427]]",33,quantum,1,
precond_pen=1.300,12,-0.8189890430530005,30.32313426902201,1.3,2,0.04623913764953613,0.005764961242675781,0.0,010100010111,-+-+---+-+++,0,True,"[[0.000165, 35.88538343], [0.005599, 34.2261578], [0.005765, 30.32313427]]",33,quantum,1,
precond_pen=1.400,12,-0.7862189670879971,30.32313426902201,1.4,2,0.05238699913024902,0.007678031921386719,0.0,010100010111,-+-+---+-+++,0,True,"[[0.00135, 35.88538343], [0.00746, 34.2261578], [0.007678, 30.32313427]]",33,quantum,1,
precond_pen=1.500,12,-0.7587948535760027,30.32313426902201,1.5,2,0.05547904968261719,0.006426095962524414,0.0,101011101000,+-+-+++-+---,0,True,"[[0.000182, 35.88538343], [0.006159, 32.418937], [0.006426, 30.32313427]]",33,quantum,1,
precond_pen=1.600,12,-0.7355042651959982,30.32313426902201,1.6,2,0.051516056060791016,0.00830698013305664,0.0,010100010111,-+-+---+-+++,0,True,"[[0.000151, 35.88538343], [0.005643, 33.27096022], [0.005847, 30.48737055], [0.008307, 30.32313427]]",33,quantum,1,
precond_pen=1.700,12,-0.715476120141,30.32313426902201,1.7,2,0.055917978286743164,0.007843971252441406,0.0,101011101000,+-+-+++-+---,0,True,"[[0.000142, 35.88538343], [0.004459, 32.7355507], [0.004592, 30.48737055], [0.007844, 30.32313427]]",33,quantum,1,
precond_pen=1.800,12,-0.6980685332930001,30.32313426902201,1.8,2,0.07783102989196777,0.016185998916625977,0.0,101011101000,+-+-+++-+---,0,True,"[[0.000152, 35.88538343], [0.006553, 32.7355507], [0.006747, 30.48737055], [0.016186, 30.32313427]]",33,quantum,1,
precond_pen=1.900,12,-0.6827977271949992,30.32313426902201,1.9,2,0.06719493865966797,0.009472131729125977,0.0,101011101000,+-+-+++-+---,0,True,"[[0.000165, 35.88538343], [0.005677, 32.7355507], [0.005817, 30.48737055], [0.009472, 30.32313427]]",33,quantum,1,
precond_pen=2.000,12,-0.669292472215,30.32313426902201,2.0,2,0.0695810317993164,0.008265018463134766,0.0,101011101000,+-+-+++-+---,0,True,"[[0.000134, 35.88538343], [0.004725, 32.7355507], [0.004841, 30.48737055], [0.008265, 30.32313427]]",33,quantum,1,
baseline,12,30.384625251852977,30.38462525185301,,2,0.052587032318115234,0.006571054458618164,0.0,010111100010,-+-++++---+-,0,True,"[[0.000177, 39.1354961], [0.006141, 36.54530829], [0.006424, 35.9851026], [0.006571, 30.38462525]]",34,quantum,1,
precond_pen=1.100,12,-0.9703338209419989,30.38462525185301,1.1,2,0.02354598045349121,0.007018089294433594,0.0,101000011101,+-+----+++-+,0,True,"[[0.000173, 39.1354961], [0.006518, 35.52602793], [0.006759, 34.56607918], [0.006917, 33.73337968], [0.007018, 30.38462525]]",34,quantum,1,
precond_pen=1.200,12,-0.9134071825490002,30.38462525185301,1.2,2,0.021945953369140625,0.005999088287353516,0.0,010111100010,-+-++++---+-,0,True,"[[0.000157, 39.1354961], [0.005829, 37.84336005], [0.005999, 30.38462525]]",34,quantum,1,
precond_pen=1.300,12,-0.8677358258090031,30.38462525185301,1.3,2,0.023576021194458008,0.006486177444458008,0.0,101000011101,+-+----+++-+,0,True,"[[0.000148, 39.1354961], [0.005735, 36.33984337], [0.006139, 35.9851026], [0.006342, 34.60606167], [0.006486, 30.38462525]]",34,quantum,1,
precond_pen=1.400,12,-0.8302729825820006,30.38462525185301,1.4,2,0.026693105697631836,0.0064220428466796875,0.0,101000011101,+-+----+++-+,0,True,"[[0.000137, 39.1354961], [0.006224, 32.29820013], [0.006422, 30.38462525]]",34,quantum,1,
precond_pen=1.500,12,-0.7989823165980026,30.38462525185301,1.5,2,0.02333688735961914,0.0049250125885009766,0.0,101000011101,+-+----+++-+,0,True,"[[0.000125, 39.1354961], [0.004408, 37.05627527], [0.004664, 36.54530829], [0.004826, 33.61239964], [0.004925, 30.38462525]]",34,quantum,1,
precond_pen=1.600,12,-0.7724506212790052,30.38462525185301,1.6,2,0.02033686637878418,0.005877971649169922,0.0,101000011101,+-+----+++-+,0,True,"[[0.000149, 39.1354961], [0.005219, 37.05627527], [0.005587, 36.54530829], [0.005769, 33.61239964], [0.005878, 30.38462525]]",34,quantum,1,
precond_pen=1.700,12,-0.749666325236003,30.38462525185301,1.7,2,0.022427082061767578,0.006682157516479492,0.0,101000011101,+-+----+++-+,0,True,"[[0.000152, 39.1354961], [0.005828, 37.05627527], [0.006321, 36.54530829], [0.006545, 33.61239964], [0.006682, 30.38462525]]",34,quantum,1,
precond_pen=1.800,12,-0.7298861796210012,30.38462525185301,1.8,2,0.025867938995361328,0.006093025207519531,0.0,101000011101,+-+----+++-+,0,True,"[[0.000165, 39.1354961], [0.005432, 37.05627527], [0.005825, 36.54530829], [0.006001, 33.61239964], [0.006093, 30.38462525]]",34,quantum,1,
precond_pen=1.900,12,-0.7125513678690005,30.38462525185301,1.9,2,0.029163122177124023,0.006978034973144531,0.0,101000011101,+-+----+++-+,0,True,"[[0.000175, 39.1354961], [0.006319, 38.48422655], [0.006728, 36.54530829], [0.006873, 35.20884237], [0.006978, 30.38462525]]",34,quantum,1,
precond_pen=2.000,12,-0.6972340886929995,30.38462525185301,2.0,2,0.025190114974975586,0.006007194519042969,0.0,101000011101,+-+----+++-+,0,True,"[[0.000146, 39.1354961], [0.005356, 38.48422655], [0.005729, 36.54530829], [0.005889, 35.20884237], [0.006007, 30.38462525]]",34,quantum,1,
baseline,12,27.600672014513016,27.600672014513,,2,0.04588818550109863,0.017156124114990234,0.0,110110000011,++-++-----++,0,True,"[[0.000152, 35.33107351], [0.006271, 32.20724854], [0.006451, 30.11131545], [0.014541, 28.68086851], [0.017156, 27.60067201]]",35,quantum,1,
precond_pen=1.100,12,-1.0217784703310002,27.600672014513,1.1,2,0.03067612648010254,0.008434057235717773,0.0,001001111100,--+--+++++--,0,True,"[[0.000132, 35.33107351], [0.005407, 34.08483994], [0.005761, 32.20724854], [0.00599, 30.11131545], [0.008434, 27.60067201]]",35,quantum,1,
precond_pen=1.200,12,-0.9604143287919982,27.600672014513,1.2,2,0.017963171005249023,0.00934910774230957,0.0,001001111100,--+--+++++--,0,True,"[[0.000181, 35.33107351], [0.00633, 32.42876497], [0.006555, 30.11131545], [0.009349, 27.60067201]]",35,quantum,1,
precond_pen=1.300,12,-0.910967717411002,27.600672014513,1.3,2,0.023721933364868164,0.008538007736206055,0.0,001001111100,--+--+++++--,0,True,"[[0.00016, 35.33107351], [0.005485, 34.59776424], [0.005722, 32.20724854], [0.005914, 30.11131545], [0.008538, 27.60067201]]",35,quantum,1,
precond_pen=1.400,12,-0.8702661531789966,27.600672014513,1.4,2,0.023049116134643555,0.007370948791503906,0.0,110110000011,++-++-----++,0,True,"[[0.000164, 35.33107351], [0.00702, 33.13795579], [0.007371, 27.60067201]]",35,quantum,1,
precond_pen=1.500,12,-0.8361728775300028,27.600672014513,1.5,2,0.02958989143371582,0.015115976333618164,0.0,001001111100,--+--+++++--,0,True,"[[0.000152, 35.33107351], [0.005816, 33.03640804], [0.006294, 32.20724854], [0.006475, 30.11131545], [0.015116, 27.60067201]]",35,quantum,1,
precond_pen=1.600,12,-0.8071958091739999,27.600672014513,1.6,2,0.021387100219726562,0.006301164627075195,0.0,001001111100,--+--+++++--,0,True,"[[0.000152, 35.33107351], [0.006097, 33.21618031], [0.006301, 27.60067201]]",35,quantum,1,
precond_pen=1.700,12,-0.782261376910002,27.600672014513,1.7,2,0.018865108489990234,0.006757020950317383,0.0,001001111100,--+--+++++--,0,True,"[[0.000152, 35.33107351], [0.00609, 33.03640804], [0.006593, 28.68086851], [0.006757, 27.60067201]]",35,quantum,1,
precond_pen=1.800,12,-0.7605771549570006,27.600672014513,1.8,2,0.021023035049438477,0.006373882293701172,0.0,001001111100,--+--+++++--,0,True,"[[0.000135, 35.33107351], [0.005731, 34.3669151], [0.006229, 28.68086851], [0.006374, 27.60067201]]",35,quantum,1,
precond_pen=1.900,12,-0.7415453584310017,27.600672014513,1.9,2,0.02493000030517578,0.00592803955078125,0.0,001001111100,--+--+++++--,0,True,"[[0.000125, 35.33107351], [0.005436, 34.3669151], [0.005797, 28.68086851], [0.005928, 27.60067201]]",35,quantum,1,
precond_pen=2.000,12,-0.7247065659289937,27.600672014513,2.0,2,0.01920485496520996,0.006613969802856445,0.0,001001111100,--+--+++++--,0,True,"[[0.000155, 35.33107351], [0.006202, 34.3669151], [0.00651, 28.68086851], [0.006614, 27.60067201]]",35,quantum,1,
baseline,12,25.752627030708993,25.752627030709,,2,0.04383206367492676,0.006861209869384766,0.0,010110000111,-+-++----+++,0,True,"[[0.000168, 32.41579814], [0.00639, 30.80248748], [0.006861, 25.75262703]]",36,quantum,1,
precond_pen=1.100,12,-1.0985403747540001,25.752627030709,1.1,2,0.019894123077392578,0.006420135498046875,0.0,010110000111,-+-++----+++,0,True,"[[0.000176, 32.41579814], [0.006244, 30.28710648], [0.00642, 25.75262703]]",36,quantum,1,
precond_pen=1.200,12,-1.028517032978999,25.752627030709,1.2,2,0.017465829849243164,0.006426811218261719,0.0,010110000111,-+-++----+++,0,True,"[[0.000166, 32.41579814], [0.006261, 30.28710648], [0.006427, 25.75262703]]",36,quantum,1,
precond_pen=1.300,12,-0.9721520811779998,25.752627030709,1.3,2,0.018922090530395508,0.00643610954284668,0.0,010110000111,-+-++----+++,0,True,"[[0.000162, 32.41579814], [0.006241, 30.28710648], [0.006436, 25.75262703]]",36,quantum,1,
precond_pen=1.400,12,-0.9257976295529993,25.752627030709,1.4,2,0.018872976303100586,0.006211996078491211,0.0,010110000111,-+-++----+++,0,True,"[[0.000147, 32.41579814], [0.005686, 30.89313718], [0.006053, 30.28710648], [0.006212, 25.75262703]]",36,quantum,1,
precond_pen=1.500,12,-0.8870000439480012,25.752627030709,1.5,2,0.020492076873779297,0.006794929504394531,0.0,010110000111,-+-++----+++,0,True,"[[0.000148, 32.41579814], [0.006595, 30.28710648], [0.006795, 25.75262703]]",36,quantum,1,
precond_pen=1.600,12,-0.8540479891450028,25.752627030709,1.6,2,0.019444942474365234,0.0064640045166015625,0.0,010110000111,-+-++----+++,0,True,"[[0.000152, 32.41579814], [0.006235, 30.28710648], [0.006464, 25.75262703]]",36,quantum,1,
precond_pen=1.700,12,-0.8257111446989986,25.752627030709,1.7,2,0.019585132598876953,0.006821155548095703,0.0,010110000111,-+-++----+++,0,True,"[[0.000158, 32.41579814], [0.006603, 30.28710648], [0.006821, 25.75262703]]",36,quantum,1,
precond_pen=1.800,12,-0.8010821221789968,25.752627030709,1.8,2,0.0209500789642334,0.006773948669433594,0.0,010110000111,-+-++----+++,0,True,"[[0.000157, 32.41579814], [0.006534, 30.28710648], [0.006774, 25.75262703]]",36,quantum,1,
precond_pen=1.900,12,-0.7794771161160003,25.752627030709,1.9,2,0.017506122589111328,0.0063860416412353516,0.0,010110000111,-+-++----+++,0,True,"[[0.000154, 32.41579814], [0.006207, 30.28710648], [0.006386, 25.75262703]]",36,quantum,1,
precond_pen=2.000,12,-0.7603707672610032,25.752627030709,2.0,2,0.01918816566467285,0.006335020065307617,0.0,101001111000,+-+--++++---,0,True,"[[0.000178, 32.41579814], [0.006039, 29.11003193], [0.006335, 25.75262703]]",36,quantum,1,
baseline,12,26.952118493915016,26.952118493915,,2,0.05041790008544922,0.017491817474365234,0.0,100010011101,+---+--+++-+,0,True,"[[0.000165, 31.24847873], [0.006675, 29.1130631], [0.007223, 28.74551435], [0.017225, 28.57487089], [0.017492, 26.95211849]]",37,quantum,1,
precond_pen=1.100,12,-0.9482581371280006,26.952118493915,1.1,2,0.03198885917663574,0.006345987319946289,0.0,011101100010,-+++-++---+-,0,True,"[[0.000158, 31.24847873], [0.006152, 28.57487089], [0.006346, 26.95211849]]",37,quantum,1,
precond_pen=1.200,12,-0.8955918699970002,26.952118493915,1.2,2,0.024060964584350586,0.006722927093505859,0.0,011101100010,-+++-++---+-,0,True,"[[0.000147, 31.24847873], [0.006043, 31.24842818], [0.006501, 28.57487089], [0.006723, 26.95211849]]",37,quantum,1,
precond_pen=1.300,12,-0.853002966430001,26.952118493915,1.3,2,0.022253990173339844,0.006529808044433594,0.0,011101100010,-+++-++---+-,0,True,"[[0.000174, 31.24847873], [0.006314, 30.7107161], [0.00653, 26.95211849]]",37,quantum,1,
precond_pen=1.400,12,-0.817846265910001,26.952118493915,1.4,2,0.032662153244018555,0.008044004440307617,0.0,011101100010,-+++-++---+-,0,True,"[[0.000147, 31.24847873], [0.007363, 30.16736227], [0.007866, 30.06139844], [0.008044, 26.95211849]]",37,quantum,1,
precond_pen=1.500,12,-0.7883288671899997,26.952118493915,1.5,2,0.029350996017456055,0.006727933883666992,0.0,011101100010,-+++-++---+-,0,True,"[[0.000162, 31.24847873], [0.006446, 28.27297853], [0.006728, 26.95211849]]",37,quantum,1,
precond_pen=1.600,12,-0.7631922501209996,26.952118493915,1.6,2,0.02235889434814453,0.007174968719482422,0.0,011101100010,-+++-++---+-,0,True,"[[0.000174, 31.24847873], [0.006839, 28.27297853], [0.007175, 26.95211849]]",37,quantum,1,
precond_pen=1.700,12,-0.741526963398,26.952118493915,1.7,2,0.027840852737426758,0.007322788238525391,0.0,011101100010,-+++-++---+-,0,True,"[[0.000175, 31.24847873], [0.006762, 30.16736227], [0.007163, 30.06139844], [0.007323, 26.95211849]]",37,quantum,1,
precond_pen=1.800,12,-0.7226591894469987,26.952118493915,1.8,2,0.025985002517700195,0.006726980209350586,0.0,011101100010,-+++-++---+-,0,True,"[[0.000181, 31.24847873], [0.006304, 30.16736227], [0.006614, 30.06139844], [0.006727, 26.95211849]]",37,quantum,1,
precond_pen=1.900,12,-0.7060792781699989,26.952118493915,1.9,2,0.0373988151550293,0.007668972015380859,0.0,011101100010,-+++-++---+-,0,True,"[[0.000146, 31.24847873], [0.007043, 30.16736227], [0.007473, 30.06139844], [0.007669, 26.95211849]]",37,quantum,1,
precond_pen=2.000,12,-0.6913942429860018,26.952118493915,2.0,2,0.03590583801269531,0.008284807205200195,0.0,011101100010,-+++-++---+-,0,True,"[[0.000157, 31.24847873], [0.007483, 30.16736227], [0.00809, 30.06139844], [0.008285, 26.95211849]]",37,quantum,1,
baseline,12,26.082382917497007,26.082382917497,,2,0.057981014251708984,0.006678104400634766,0.0,101001011100,+-+--+-+++--,0,True,"[[0.000172, 31.60966781], [0.006678, 26.08238292]]",38,quantum,1,
precond_pen=1.100,12,-1.0076459699620024,26.082382917497,1.1,2,0.020512104034423828,0.007911205291748047,0.0,010110100011,-+-++-+---++,0,True,"[[0.000159, 31.60966781], [0.007652, 29.43332824], [0.007911, 26.08238292]]",38,quantum,1,
precond_pen=1.200,12,-0.9486432011639998,26.082382917497,1.2,2,0.022496938705444336,0.006996870040893555,0.0,010110100011,-+-++-+---++,0,True,"[[0.000161, 31.60966781], [0.006804, 29.49404109], [0.006997, 26.08238292]]",38,quantum,1,
precond_pen=1.300,12,-0.9009371189750013,26.082382917497,1.3,2,0.027144193649291992,0.013882160186767578,0.0,010110100011,-+-++-+---++,0,True,"[[0.000165, 31.60966781], [0.005432, 27.99560417], [0.013882, 26.08238292]]",38,quantum,1,
precond_pen=1.400,12,-0.8615613517779996,26.082382917497,1.4,2,0.021457910537719727,0.006815910339355469,0.0,010110100011,-+-++-+---++,0,True,"[[0.000152, 31.60966781], [0.006558, 29.49404109], [0.006816, 26.08238292]]",38,quantum,1,
precond_pen=1.500,12,-0.8285057198159977,26.082382917497,1.5,2,0.025635957717895508,0.006829023361206055,0.0,010110100011,-+-++-+---++,0,True,"[[0.000159, 31.60966781], [0.006045, 31.24071562], [0.006526, 30.16058254], [0.006717, 29.49404109], [0.006829, 26.08238292]]",38,quantum,1,
precond_pen=1.600,12,-0.8003593826290007,26.082382917497,1.6,2,0.022183895111083984,0.0068759918212890625,0.0,010110100011,-+-++-+---++,0,True,"[[0.000162, 31.60966781], [0.006093, 31.44513786], [0.006561, 30.16058254], [0.00677, 29.49404109], [0.006876, 26.08238292]]",38,quantum,1,
precond_pen=1.700,12,-0.7761028441859956,26.082382917497,1.7,2,0.018975019454956055,0.005692005157470703,0.0,010110100011,-+-++-+---++,0,True,"[[0.00018, 31.60966781], [0.005531, 30.98693205], [0.005692, 26.08238292]]",38,quantum,1,
precond_pen=1.800,12,-0.7549808043660002,26.082382917497,1.8,2,0.02524089813232422,0.006131887435913086,0.0,010110100011,-+-++-+---++,0,True,"[[0.000151, 31.60966781], [0.005913, 30.98693205], [0.006132, 26.08238292]]",38,quantum,1,
precond_pen=1.900,12,-0.7364219066539945,26.082382917497,1.9,2,0.02059006690979004,0.006330013275146484,0.0,010110100011,-+-++-+---++,0,True,"[[0.000152, 31.60966781], [0.005602, 30.32130349], [0.006057, 30.16058254], [0.006226, 29.49404109], [0.00633, 26.08238292]]",38,quantum,1,
precond_pen=2.000,12,-0.7199858402659993,26.082382917497,2.0,2,0.023686885833740234,0.006939888000488281,0.0,010110100011,-+-++-+---++,0,True,"[[0.000153, 31.60966781], [0.006051, 30.32130349], [0.006586, 30.16058254], [0.006816, 29.49404109], [0.00694, 26.08238292]]",38,quantum,1,
baseline,12,29.25662665630399,29.256626656304004,,2,0.05001401901245117,0.01545095443725586,0.0,100001100111,+----++--+++,0,True,"[[0.000165, 40.32858422], [0.006698, 37.53070855], [0.006909, 31.18270743], [0.015451, 29.25662666]]",39,quantum,1,
precond_pen=1.100,12,-0.9824688237469994,29.256626656304004,1.1,2,0.02219700813293457,0.007828950881958008,0.0,100001100111,+----++--+++,0,True,"[[0.000156, 40.32858422], [0.00692, 36.18876081], [0.007374, 35.83045267], [0.007669, 30.06167984], [0.007829, 29.25662666]]",39,quantum,1,
precond_pen=1.200,12,-0.9242407052399964,29.256626656304004,1.2,2,0.04079294204711914,0.006523847579956055,0.0,100001100111,+----++--+++,0,True,"[[0.000153, 40.32858422], [0.005713, 35.25332609], [0.006171, 34.21492968], [0.006387, 31.60286511], [0.006524, 29.25662666]]",39,quantum,1,
precond_pen=1.300,12,-0.8775214470950008,29.256626656304004,1.3,2,0.04869413375854492,0.0059909820556640625,0.0,100001100111,+----++--+++,0,True,"[[0.000153, 40.32858422], [0.005796, 31.60286511], [0.005991, 29.25662666]]",39,quantum,1,
precond_pen=1.400,12,-0.8391966282439993,29.256626656304004,1.4,2,0.052874088287353516,0.007091045379638672,0.0,100001100111,+----++--+++,0,True,"[[0.000158, 40.32858422], [0.006891, 31.60286511], [0.007091, 29.25662666]]",39,quantum,1,
precond_pen=1.500,12,-0.8071842756369971,29.256626656304004,1.5,2,0.09548711776733398,0.006987094879150391,0.0,100001100111,+----++--+++,0,True,"[[0.000162, 40.32858422], [0.006808, 35.94826956], [0.006987, 29.25662666]]",39,quantum,1,
precond_pen=1.600,12,-0.780039473573999,29.256626656304004,1.6,2,0.05406999588012695,0.006038188934326172,0.0,011110011000,-++++--++---,0,True,"[[0.00017, 40.32858422], [0.00577, 34.24279106], [0.006038, 29.25662666]]",39,quantum,1,
precond_pen=1.700,12,-0.7567278245120015,29.256626656304004,1.7,2,0.09766602516174316,0.006268978118896484,0.0,011110011000,-++++--++---,0,True,"[[0.000149, 40.32858422], [0.005984, 34.24279106], [0.006269, 29.25662666]]",39,quantum,1,
precond_pen=1.800,12,-0.7364890908400037,29.256626656304004,1.8,2,0.05680990219116211,0.006887912750244141,0.0,011110011000,-++++--++---,0,True,"[[0.000132, 40.32858422], [0.006066, 35.67132023], [0.006547, 34.21492968], [0.006781, 34.12196309], [0.006888, 29.25662666]]",39,quantum,1,
precond_pen=1.900,12,-0.7187519878149997,29.256626656304004,1.9,2,0.07593011856079102,0.007770061492919922,0.0,011110011000,-++++--++---,0,True,"[[0.000159, 40.32858422], [0.006734, 35.67132023], [0.007237, 34.21492968], [0.007619, 34.12196309], [0.00777, 29.25662666]]",39,quantum,1,
precond_pen=2.000,12,-4.2392459209609985,29.256626656304004,2.0,2,0.02214789390563965,0.005364894866943359,0.0,100001100111,+----++--+++,0,True,"[[0.000139, 40.32858422], [0.004839, 36.81642971], [0.005032, 35.83045267], [0.005232, 35.21739396], [0.005365, 29.25662666]]",39,quantum,1,
baseline,12,26.03496462704599,26.034964627046005,,2,0.08913707733154297,0.00690913200378418,0.0,010000011111,-+-----+++++,0,True,"[[0.000185, 27.03905801], [0.006578, 26.32395981], [0.006909, 26.03496463]]",40,quantum,1,
precond_pen=1.100,12,-0.8733076758039982,26.034964627046005,1.1,2,0.12147402763366699,0.007139921188354492,0.0,101111100000,+-+++++-----,0,True,"[[0.000162, 27.03905801], [0.00714, 26.03496463]]",40,quantum,1,
precond_pen=1.200,12,-0.8291512577670002,26.034964627046005,1.2,2,0.05082893371582031,0.006563901901245117,0.0,101111100000,+-+++++-----,0,True,"[[0.00014, 27.03905801], [0.006564, 26.03496463]]",40,quantum,1,
precond_pen=1.300,12,-0.7933455027319978,26.034964627046005,1.3,2,0.05572819709777832,0.006637096405029297,0.0,101111100000,+-+++++-----,0,True,"[[0.000159, 27.03905801], [0.006637, 26.03496463]]",40,quantum,1,
precond_pen=1.400,12,-0.7637202423569986,26.034964627046005,1.4,2,0.04972195625305176,0.0072209835052490234,0.0,101111100000,+-+++++-----,0,True,"[[0.000175, 27.03905801], [0.007221, 26.03496463]]",40,quantum,1,
precond_pen=1.500,12,-0.7387986193580014,26.034964627046005,1.5,2,0.0506291389465332,0.0061571598052978516,0.0,101111100000,+-+++++-----,0,True,"[[0.000166, 27.03905801], [0.006157, 26.03496463]]",40,quantum,1,
precond_pen=1.600,12,-0.7175404513359966,26.034964627046005,1.6,2,0.04938983917236328,0.0062868595123291016,0.0,101111100000,+-+++++-----,0,True,"[[0.000147, 27.03905801], [0.006287, 26.03496463]]",40,quantum,1,
precond_pen=1.700,12,-0.6991916010630028,26.034964627046005,1.7,2,0.05279803276062012,0.006567955017089844,0.0,101111100000,+-+++++-----,0,True,"[[0.000153, 27.03905801], [0.006568, 26.03496463]]",40,quantum,1,
precond_pen=1.800,12,-0.6831920108919993,26.034964627046005,1.8,2,0.053755998611450195,0.006325960159301758,0.0,101111100000,+-+++++-----,0,True,"[[0.000164, 27.03905801], [0.006326, 26.03496463]]",40,quantum,1,
precond_pen=1.900,12,-0.6691169220000033,26.034964627046005,1.9,2,0.0422818660736084,0.00657200813293457,0.0,101111100000,+-+++++-----,0,True,"[[0.000161, 27.03905801], [0.006572, 26.03496463]]",40,quantum,1,
precond_pen=2.000,12,-0.6566382658020018,26.034964627046005,2.0,2,0.043647050857543945,0.006359100341796875,0.0,101111100000,+-+++++-----,0,True,"[[0.000147, 27.03905801], [0.006359, 26.03496463]]",40,quantum,1,
baseline,12,32.99186281362201,32.99186281362202,,2,0.11288905143737793,0.006482839584350586,0.0,010101110001,-+-+-+++---+,0,True,"[[0.00014, 39.66825182], [0.006241, 38.45828306], [0.006483, 32.99186281]]",41,quantum,1,
precond_pen=1.100,12,-1.0348147407349995,32.99186281362202,1.1,2,0.030848979949951172,0.0066509246826171875,0.0,010101110001,-+-+-+++---+,0,True,"[[0.000158, 39.66825182], [0.006484, 36.83059394], [0.006651, 32.99186281]]",41,quantum,1,
precond_pen=1.200,12,-0.9690302912359998,32.99186281362202,1.2,2,0.022867918014526367,0.0058100223541259766,0.0,010101110001,-+-+-+++---+,0,True,"[[0.000148, 39.66825182], [0.005644, 37.68911022], [0.00581, 32.99186281]]",41,quantum,1,
precond_pen=1.300,12,-0.9165934424350022,32.99186281362202,1.3,2,0.021690845489501953,0.005588054656982422,0.0,101010001110,+-+-+---+++-,0,True,"[[0.000151, 39.66825182], [0.005588, 32.99186281]]",41,quantum,1,
precond_pen=1.400,12,-0.8738038243530015,32.99186281362202,1.4,2,0.024631977081298828,0.006082057952880859,0.0,010101110001,-+-+-+++---+,0,True,"[[0.000153, 39.66825182], [0.005781, 37.68911022], [0.006082, 32.99186281]]",41,quantum,1,
precond_pen=1.500,12,-0.8382154308870016,32.99186281362202,1.5,2,0.021102190017700195,0.006237983703613281,0.0,101010001110,+-+-+---+++-,0,True,"[[0.000179, 39.66825182], [0.005795, 36.12640105], [0.006101, 35.79557229], [0.006238, 32.99186281]]",41,quantum,1,
precond_pen=1.600,12,-0.8081463116820009,32.99186281362202,1.6,2,0.02376723289489746,0.00590205192565918,0.0,101010001110,+-+-+---+++-,0,True,"[[0.000156, 39.66825182], [0.005396, 38.86437121], [0.005655, 38.4287916], [0.005802, 35.79557229], [0.005902, 32.99186281]]",41,quantum,1,
precond_pen=1.700,12,-0.782401479593001,32.99186281362202,1.7,2,0.024175167083740234,0.006201982498168945,0.0,101010001110,+-+-+---+++-,0,True,"[[0.000168, 39.66825182], [0.005696, 38.86437121], [0.005961, 38.4287916], [0.006102, 35.79557229], [0.006202, 32.99186281]]",41,quantum,1,
precond_pen=1.800,12,-0.7601083821370018,32.99186281362202,1.8,2,0.023869037628173828,0.0058209896087646484,0.0,101010001110,+-+-+---+++-,0,True,"[[0.000168, 39.66825182], [0.005252, 38.86437121], [0.005433, 38.4287916], [0.005713, 35.79557229], [0.005821, 32.99186281]]",41,quantum,1,
precond_pen=1.900,12,-0.7406147810399979,32.99186281362202,1.9,2,0.026541948318481445,0.00645899772644043,0.0,101010001110,+-+-+---+++-,0,True,"[[0.000207, 39.66825182], [0.005729, 38.86437121], [0.005949, 38.4287916], [0.006316, 35.79557229], [0.006459, 32.99186281]]",41,quantum,1,
precond_pen=2.000,12,-0.7234234293769974,32.99186281362202,2.0,2,0.023129940032958984,0.006739139556884766,0.0,101010001110,+-+-+---+++-,0,True,"[[0.000163, 39.66825182], [0.006543, 38.02566824], [0.006739, 32.99186281]]",41,quantum,1,
baseline,12,32.480790535426,32.48079053542602,,2,0.08856487274169922,0.006218910217285156,0.0,111101010000,++++-+-+----,0,True,"[[0.000156, 34.2084696], [0.006219, 32.48079054]]",42,quantum,1,
precond_pen=1.100,12,-0.9040263896320013,32.48079053542602,1.1,2,0.025007009506225586,0.007230997085571289,0.0,111101010000,++++-+-+----,0,True,"[[0.000167, 34.2084696], [0.007231, 32.48079054]]",42,quantum,1,
precond_pen=1.200,12,-0.8545598183939971,32.48079053542602,1.2,2,0.022480010986328125,0.006165027618408203,0.0,000010101111,----+-+-++++,0,True,"[[0.00017, 34.2084696], [0.00586, 33.17097878], [0.006165, 32.48079054]]",42,quantum,1,
precond_pen=1.300,12,-0.8148280891019999,32.48079053542602,1.3,2,0.031122922897338867,0.0072078704833984375,0.0,111101010000,++++-+-+----,0,True,"[[0.000148, 34.2084696], [0.007208, 32.48079054]]",42,quantum,1,
precond_pen=1.400,12,-0.7822075487039992,32.48079053542602,1.4,2,0.02376103401184082,0.005440950393676758,0.0,111101010000,++++-+-+----,0,True,"[[0.00015, 34.2084696], [0.005441, 32.48079054]]",42,quantum,1,
precond_pen=1.500,12,-0.7549412234350008,32.48079053542602,1.5,2,0.01812291145324707,0.005144834518432617,0.0,000010101111,----+-+-++++,0,True,"[[0.000127, 34.2084696], [0.004979, 33.17097878], [0.005145, 32.48079054]]",42,quantum,1,
precond_pen=1.600,12,-0.731807801676001,32.48079053542602,1.6,2,0.022834062576293945,0.007317066192626953,0.0,000010101111,----+-+-++++,0,True,"[[0.000167, 34.2084696], [0.007043, 33.17097878], [0.007317, 32.48079054]]",42,quantum,1,
precond_pen=1.700,12,-0.7119318741050034,32.48079053542602,1.7,2,0.027124881744384766,0.006829023361206055,0.0,000010101111,----+-+-++++,0,True,"[[0.000167, 34.2084696], [0.006607, 33.17097878], [0.006829, 32.48079054]]",42,quantum,1,
precond_pen=1.800,12,-0.6946693650260007,32.48079053542602,1.8,2,0.02770400047302246,0.0075190067291259766,0.0,000010101111,----+-+-++++,0,True,"[[0.000159, 34.2084696], [0.007236, 33.17097878], [0.007519, 32.48079054]]",42,quantum,1,
precond_pen=1.900,12,-0.6795356335620024,32.48079053542602,1.9,2,0.02791905403137207,0.006330013275146484,0.0,000010101111,----+-+-++++,0,True,"[[0.000163, 34.2084696], [0.006173, 33.17097878], [0.00633, 32.48079054]]",42,quantum,1,
precond_pen=2.000,12,-0.6661591424990014,32.48079053542602,2.0,2,0.024446964263916016,0.005941867828369141,0.0,000010101111,----+-+-++++,0,True,"[[0.000141, 34.2084696], [0.005782, 33.17097878], [0.005942, 32.48079054]]",42,quantum,1,
baseline,12,24.133752643234004,24.133752643233997,,2,0.02805185317993164,0.011888980865478516,0.0,100010110011,+---+-++--++,0,True,"[[0.000137, 29.84939858], [0.005575, 27.24116421], [0.011889, 24.13375264]]",43,quantum,1,
precond_pen=1.100,12,-1.1031182398700006,24.133752643233997,1.1,2,0.023231983184814453,0.005197048187255859,0.0,100010110011,+---+-++--++,0,True,"[[0.00013, 29.84939858], [0.005056, 28.24770049], [0.005197, 24.13375264]]",43,quantum,1,
precond_pen=1.200,12,-1.0335538959819983,24.133752643233997,1.2,2,0.016334056854248047,0.004577159881591797,0.0,100010110011,+---+-++--++,0,True,"[[0.000114, 29.84939858], [0.004237, 29.73875589], [0.004479, 28.24770049], [0.004577, 24.13375264]]",43,quantum,1,
precond_pen=1.300,12,-0.9774150884420028,24.133752643233997,1.3,2,0.023375988006591797,0.006465911865234375,0.0,011101001100,-+++-+--++--,0,True,"[[0.000146, 29.84939858], [0.006024, 28.24770049], [0.006466, 24.13375264]]",43,quantum,1,
precond_pen=1.400,12,-0.9311474951919987,24.133752643233997,1.4,2,0.035288095474243164,0.006721973419189453,0.0,011101001100,-+++-+--++--,0,True,"[[0.000178, 29.84939858], [0.006426, 28.24770049], [0.006722, 24.13375264]]",43,quantum,1,
precond_pen=1.500,12,-0.8923515584849993,24.133752643233997,1.5,2,0.02102208137512207,0.005922079086303711,0.0,100010110011,+---+-++--++,0,True,"[[0.000148, 29.84939858], [0.005762, 29.82529033], [0.005922, 24.13375264]]",43,quantum,1,
precond_pen=1.600,12,-0.8593483947729972,24.133752643233997,1.6,2,0.03328704833984375,0.006190061569213867,0.0,100010110011,+---+-++--++,0,True,"[[0.000218, 29.84939858], [0.006033, 28.24770049], [0.00619, 24.13375264]]",43,quantum,1,
precond_pen=1.700,12,-0.8309278973550009,24.133752643233997,1.7,2,0.0292661190032959,0.005892038345336914,0.0,100010110011,+---+-++--++,0,True,"[[0.000191, 29.84939858], [0.005752, 28.24770049], [0.005892, 24.13375264]]",43,quantum,1,
precond_pen=1.800,12,-0.806195591058998,24.133752643233997,1.8,2,0.02045607566833496,0.006649971008300781,0.0,100010110011,+---+-++--++,0,True,"[[0.000146, 29.84939858], [0.006189, 29.54393134], [0.00665, 24.13375264]]",43,quantum,1,
precond_pen=1.900,12,-0.7844759384359987,24.133752643233997,1.9,2,0.02512812614440918,0.00487208366394043,0.0,100010110011,+---+-++--++,0,True,"[[0.000185, 29.84939858], [0.004733, 27.96627603], [0.004872, 24.13375264]]",43,quantum,1,
precond_pen=2.000,12,-0.7652491453879993,24.133752643233997,2.0,2,0.02455615997314453,0.00609898567199707,0.0,100010110011,+---+-++--++,0,True,"[[0.000147, 29.84939858], [0.005885, 27.96627603], [0.006099, 24.13375264]]",43,quantum,1,
baseline,12,31.24766213881698,31.247662138817,,2,0.051197052001953125,0.007688999176025391,0.0,011100011010,-+++---++-+-,0,True,"[[0.000192, 40.43310821], [0.007028, 36.98669146], [0.007473, 34.56609778], [0.007689, 31.24766214]]",44,quantum,1,
precond_pen=1.100,12,-1.0587461420609978,31.247662138817,1.1,2,0.02190995216369629,0.010354042053222656,0.0,100011100101,+---+++--+-+,0,True,"[[0.000137, 40.43310821], [0.006253, 33.9916809], [0.006722, 33.45635778], [0.006878, 31.38037153], [0.010354, 31.24766214]]",44,quantum,1,
precond_pen=1.200,12,-0.9906903097749984,31.247662138817,1.2,2,0.03521895408630371,0.0076639652252197266,0.0,011100011010,-+++---++-+-,0,True,"[[0.000198, 40.43310821], [0.007019, 35.58896673], [0.007433, 34.56609778], [0.007664, 31.24766214]]",44,quantum,1,
precond_pen=1.300,12,-0.936382707515997,31.247662138817,1.3,2,0.032318830490112305,0.006958961486816406,0.0,100011100101,+---+++--+-+,0,True,"[[0.00017, 40.43310821], [0.006239, 40.24742306], [0.006668, 39.39827881], [0.006848, 38.3846804], [0.006959, 31.24766214]]",44,quantum,1,
precond_pen=1.400,12,-0.8920239073049991,31.247662138817,1.4,2,0.03274703025817871,0.005620002746582031,0.0,011100011010,-+++---++-+-,0,True,"[[0.000127, 40.43310821], [0.005231, 35.68547829], [0.005454, 34.56609778], [0.00562, 31.24766214]]",44,quantum,1,
precond_pen=1.500,12,-0.8550995664010017,31.247662138817,1.5,2,0.023962974548339844,0.0066449642181396484,0.0,011100011010,-+++---++-+-,0,True,"[[0.000168, 40.43310821], [0.006006, 35.68547829], [0.006449, 34.56609778], [0.006645, 31.24766214]]",44,quantum,1,
precond_pen=1.600,12,-5.469229789300997,31.247662138817,1.6,2,0.01609492301940918,0.006928920745849609,0.0,011100011010,-+++---++-+-,0,True,"[[0.000177, 40.43310821], [0.006406, 37.13389591], [0.006721, 34.56609778], [0.006929, 31.24766214]]",44,quantum,1,
precond_pen=1.700,12,-5.461944978868999,31.247662138817,1.7,2,0.019232988357543945,0.01729106903076172,0.0,011100011010,-+++---++-+-,0,True,"[[0.00022, 40.43310821], [0.007276, 37.78456351], [0.007632, 36.98669146], [0.008047, 36.52801202], [0.008194, 31.38037153], [0.017291, 31.24766214]]",44,quantum,1,
precond_pen=1.800,12,-5.369432268861998,31.247662138817,1.8,2,0.015296220779418945,0.011321067810058594,0.0,011100011010,-+++---++-+-,0,True,"[[0.000158, 40.43310821], [0.005776, 33.98862641], [0.006121, 31.38037153], [0.011321, 31.24766214]]",44,quantum,1,
precond_pen=1.900,12,-5.224011333641997,31.247662138817,1.9,2,0.0262601375579834,0.0074920654296875,0.0,011100011010,-+++---++-+-,0,True,"[[0.000164, 40.43310821], [0.006695, 34.73172753], [0.007247, 34.56609778], [0.007492, 31.24766214]]",44,quantum,1,
precond_pen=2.000,12,-5.049408732436998,31.247662138817,2.0,2,0.015852928161621094,0.008366107940673828,0.0,011100011010,-+++---++-+-,0,True,"[[0.000172, 40.43310821], [0.007116, 35.43185129], [0.007995, 34.56609778], [0.008366, 31.24766214]]",44,quantum,1,
baseline,12,31.835236603487992,31.83523660348799,,2,0.0468449592590332,0.005797863006591797,0.0,100100100111,+--+--+--+++,0,True,"[[0.000132, 36.1395043], [0.004994, 35.29372618], [0.005495, 32.39371542], [0.005798, 31.8352366]]",45,quantum,1,
precond_pen=1.100,12,-0.8763224810440011,31.83523660348799,1.1,2,0.027412891387939453,0.006249904632568359,0.0,100100100111,+--+--+--+++,0,True,"[[0.000193, 36.1395043], [0.006081, 35.91220273], [0.00625, 31.8352366]]",45,quantum,1,
precond_pen=1.200,12,-0.8302744377040003,31.83523660348799,1.2,2,0.02196192741394043,0.0069348812103271484,0.0,011011011000,-++-++-++---,0,True,"[[0.000191, 36.1395043], [0.006475, 34.60330853], [0.006794, 34.10111364], [0.006935, 31.8352366]]",45,quantum,1,
precond_pen=1.300,12,-0.7932093112049996,31.83523660348799,1.3,2,0.024789810180664062,0.006632804870605469,0.0,100100100111,+--+--+--+++,0,True,"[[0.000188, 36.1395043], [0.005948, 35.9798933], [0.006488, 34.68798301], [0.006633, 31.8352366]]",45,quantum,1,
precond_pen=1.400,12,-0.7627265370509999,31.83523660348799,1.4,2,0.024818897247314453,0.006772041320800781,0.0,100100100111,+--+--+--+++,0,True,"[[0.000202, 36.1395043], [0.006128, 34.95813644], [0.006548, 32.39371542], [0.006772, 31.8352366]]",45,quantum,1,
precond_pen=1.500,12,-0.7372121450520002,31.83523660348799,1.5,2,0.023199081420898438,0.007050991058349609,0.0,100100100111,+--+--+--+++,0,True,"[[0.000204, 36.1395043], [0.006761, 35.91220273], [0.007051, 31.8352366]]",45,quantum,1,
precond_pen=1.600,12,-0.7155406761779979,31.83523660348799,1.6,2,0.02697014808654785,0.006873130798339844,0.0,100100100111,+--+--+--+++,0,True,"[[0.000194, 36.1395043], [0.006311, 34.71299096], [0.006649, 32.39371542], [0.006873, 31.8352366]]",45,quantum,1,
precond_pen=1.700,12,-0.6969032234679995,31.83523660348799,1.7,2,0.02656102180480957,0.006371974945068359,0.0,100100100111,+--+--+--+++,0,True,"[[0.000233, 36.1395043], [0.005919, 34.71299096], [0.006153, 32.39371542], [0.006372, 31.8352366]]",45,quantum,1,
precond_pen=1.800,12,-0.6807033382530028,31.83523660348799,1.8,2,0.02710700035095215,0.00642704963684082,0.0,100100100111,+--+--+--+++,0,True,"[[0.000225, 36.1395043], [0.006021, 34.71299096], [0.006251, 32.39371542], [0.006427, 31.8352366]]",45,quantum,1,
precond_pen=1.900,12,-0.6664914539879998,31.83523660348799,1.9,2,0.022962093353271484,0.005547046661376953,0.0,100100100111,+--+--+--+++,0,True,"[[0.00019, 36.1395043], [0.005167, 34.71299096], [0.005371, 32.39371542], [0.005547, 31.8352366]]",45,quantum,1,
precond_pen=2.000,12,-0.6539223185210012,31.83523660348799,2.0,2,0.021754980087280273,0.005421161651611328,0.0,100100100111,+--+--+--+++,0,True,"[[0.00019, 36.1395043], [0.005024, 34.71299096], [0.005244, 32.39371542], [0.005421, 31.8352366]]",45,quantum,1,
baseline,12,28.388829872878,28.38882987287801,,2,0.08208894729614258,0.006453037261962891,0.0,011101110000,-+++-+++----,0,True,"[[0.000262, 34.44616682], [0.006002, 33.54025034], [0.006292, 33.31165535], [0.006453, 28.38882987]]",46,quantum,1,
precond_pen=1.100,12,-0.9820550098830001,28.38882987287801,1.1,2,0.021363019943237305,0.006021022796630859,0.0,011101110000,-+++-+++----,0,True,"[[0.000229, 34.44616682], [0.006021, 28.38882987]]",46,quantum,1,
precond_pen=1.200,12,-0.9248344410839993,28.38882987287801,1.2,2,0.0311429500579834,0.006793022155761719,0.0,011101110000,-+++-+++----,0,True,"[[0.000215, 34.44616682], [0.00657, 32.71260107], [0.006793, 28.38882987]]",46,quantum,1,
precond_pen=1.300,12,-0.8787393541819997,28.38882987287801,1.3,2,0.02735114097595215,0.006630897521972656,0.0,011101110000,-+++-+++----,0,True,"[[0.0002, 34.44616682], [0.00599, 33.41053093], [0.006443, 33.31165535], [0.006631, 28.38882987]]",46,quantum,1,
precond_pen=1.400,12,-0.8408056003709996,28.38882987287801,1.4,2,0.028462886810302734,0.0056378841400146484,0.0,011101110000,-+++-+++----,0,True,"[[0.000194, 34.44616682], [0.005264, 33.41053093], [0.005482, 33.31165535], [0.005638, 28.38882987]]",46,quantum,1,
precond_pen=1.500,12,-0.8090376173810014,28.38882987287801,1.5,2,0.026410818099975586,0.005825996398925781,0.0,011101110000,-+++-+++----,0,True,"[[0.000196, 34.44616682], [0.005147, 33.41053093], [0.005512, 33.31165535], [0.005714, 32.71260107], [0.005826, 28.38882987]]",46,quantum,1,
precond_pen=1.600,12,-0.7820422629389991,28.38882987287801,1.6,2,0.020506858825683594,0.005731821060180664,0.0,011101110000,-+++-+++----,0,True,"[[0.0002, 34.44616682], [0.005545, 32.71260107], [0.005732, 28.38882987]]",46,quantum,1,
precond_pen=1.700,12,-0.758817318977,28.38882987287801,1.7,2,0.024712085723876953,0.005942106246948242,0.0,100010001111,+---+---++++,0,True,"[[0.000155, 34.44616682], [0.005669, 31.81220571], [0.005942, 28.38882987]]",46,quantum,1,
precond_pen=1.800,12,-0.7386231425579997,28.38882987287801,1.8,2,0.028968095779418945,0.006517887115478516,0.0,100010001111,+---+---++++,0,True,"[[0.00019, 34.44616682], [0.006189, 31.81220571], [0.006518, 28.38882987]]",46,quantum,1,
precond_pen=1.900,12,-0.7209020017130019,28.38882987287801,1.9,2,0.02141404151916504,0.00555109977722168,0.0,100010001111,+---+---++++,0,True,"[[0.000177, 34.44616682], [0.005285, 31.81220571], [0.005551, 28.38882987]]",46,quantum,1,
precond_pen=2.000,12,-0.7052251826029989,28.38882987287801,2.0,2,0.01841902732849121,0.005590915679931641,0.0,100010001111,+---+---++++,0,True,"[[0.000156, 34.44616682], [0.005296, 31.81220571], [0.005591, 28.38882987]]",46,quantum,1,
baseline,12,34.246395278338994,34.24639527833897,,2,0.06579804420471191,0.025074005126953125,0.0,000110111010,---++-+++-+-,0,True,"[[0.000138, 42.22311238], [0.005086, 41.18711515], [0.005364, 40.26078339], [0.005591, 40.08539713], [0.005721, 34.95236865], [0.025074, 34.24639528]]",47,quantum,1,
precond_pen=1.100,12,-0.9926482110480048,34.24639527833897,1.1,2,0.019726037979125977,0.006381988525390625,0.0,111001000101,+++--+---+-+,0,True,"[[0.000148, 42.22311238], [0.006151, 39.64510832], [0.006382, 34.24639528]]",47,quantum,1,
precond_pen=1.200,12,-0.9315368690509986,34.24639527833897,1.2,2,0.02450704574584961,0.006574869155883789,0.0,111001000101,+++--+---+-+,0,True,"[[0.000145, 42.22311238], [0.006335, 39.64510832], [0.006575, 34.24639528]]",47,quantum,1,
precond_pen=1.300,12,-0.8828270246759979,34.24639527833897,1.3,2,0.022935867309570312,0.006716012954711914,0.0,111001000101,+++--+---+-+,0,True,"[[0.000153, 42.22311238], [0.006521, 39.64510832], [0.006716, 34.24639528]]",47,quantum,1,
precond_pen=1.400,12,-0.8430814340280008,34.24639527833897,1.4,2,0.020331859588623047,0.0067288875579833984,0.0,111001000101,+++--+---+-+,0,True,"[[0.00016, 42.22311238], [0.006528, 39.64510832], [0.006729, 34.24639528]]",47,quantum,1,
precond_pen=1.500,12,-0.8100276017600017,34.24639527833897,1.5,2,0.0186920166015625,0.00601506233215332,0.0,111001000101,+++--+---+-+,0,True,"[[0.00016, 42.22311238], [0.005379, 41.02003293], [0.005778, 40.26078339], [0.005929, 39.9582135], [0.006015, 34.24639528]]",47,quantum,1,
precond_pen=1.600,12,-0.782102553269004,34.24639527833897,1.6,2,0.019253969192504883,0.0058939456939697266,0.0,111001000101,+++--+---+-+,0,True,"[[0.000176, 42.22311238], [0.005768, 39.95765975], [0.005894, 34.24639528]]",47,quantum,1,
precond_pen=1.700,12,-0.758195712156998,34.24639527833897,1.7,2,0.029738903045654297,0.006179094314575195,0.0,111001000101,+++--+---+-+,0,True,"[[0.000142, 42.22311238], [0.005994, 39.95765975], [0.006179, 34.24639528]]",47,quantum,1,
precond_pen=1.800,12,-0.7374961821629986,34.24639527833897,1.8,2,0.023149967193603516,0.006937980651855469,0.0,111001000101,+++--+---+-+,0,True,"[[0.00017, 42.22311238], [0.006161, 41.02003293], [0.006621, 40.26078339], [0.006827, 38.49319308], [0.006938, 34.24639528]]",47,quantum,1,
precond_pen=1.900,12,-0.7193977559230014,34.24639527833897,1.9,2,0.021514892578125,0.00683903694152832,0.0,111001000101,+++--+---+-+,0,True,"[[0.000207, 42.22311238], [0.006247, 41.02003293], [0.006604, 40.26078339], [0.006751, 38.49319308], [0.006839, 34.24639528]]",47,quantum,1,
precond_pen=2.000,12,-0.7034382863490016,34.24639527833897,2.0,2,0.027281999588012695,0.006684780120849609,0.0,111001000101,+++--+---+-+,0,True,"[[0.000172, 42.22311238], [0.006502, 39.95765975], [0.006685, 34.24639528]]",47,quantum,1,
baseline,12,29.352981206390005,29.352981206389988,,2,0.05565500259399414,0.00701594352722168,0.0,011110010010,-++++--+--+-,0,True,"[[0.000184, 33.9065543], [0.007016, 29.35298121]]",48,quantum,1,
precond_pen=1.100,12,-0.9116892957900014,29.36350281102198,1.1,2,0.019546985626220703,0.006150007247924805,0.0,100001110101,+----+++-+-+,0,True,"[[0.000165, 33.9065543], [0.005968, 30.83666518], [0.00615, 29.36350281]]",48,quantum,1,
precond_pen=1.200,12,-0.8621900951930019,29.36350281102198,1.2,2,0.017966032028198242,0.005327939987182617,0.0,100001110101,+----+++-+-+,0,True,"[[0.000134, 33.9065543], [0.005177, 31.791776], [0.005328, 29.36350281]]",48,quantum,1,
precond_pen=1.300,12,-0.822341912672,29.352981206389988,1.3,2,0.021626949310302734,0.006885051727294922,0.0,100001101101,+----++-++-+,0,True,"[[0.000164, 33.9065543], [0.006693, 31.50125081], [0.006885, 29.35298121]]",48,quantum,1,
precond_pen=1.400,12,-0.7895121699299938,29.352981206389988,1.4,2,0.025494813919067383,0.0068929195404052734,0.0,011110010010,-++++--+--+-,0,True,"[[0.00021, 33.9065543], [0.006481, 33.118058], [0.006744, 31.69536721], [0.006893, 29.35298121]]",48,quantum,1,
precond_pen=1.500,12,-0.7619945826770014,29.352981206389988,1.5,2,0.021901845932006836,0.005594015121459961,0.0,100001101101,+----++-++-+,0,True,"[[0.000185, 33.9065543], [0.005195, 33.20831769], [0.005477, 31.50125081], [0.005594, 29.35298121]]",48,quantum,1,
precond_pen=1.600,12,-0.7385947696330017,29.352981206389988,1.6,2,0.020299911499023438,0.00615692138671875,0.0,100001101101,+----++-++-+,0,True,"[[0.000198, 33.9065543], [0.005764, 33.20831769], [0.006033, 31.50125081], [0.006157, 29.35298121]]",48,quantum,1,
precond_pen=1.700,12,-0.7184518511110012,29.352981206389988,1.7,2,0.019044876098632812,0.005937814712524414,0.0,100001101101,+----++-++-+,0,True,"[[0.000169, 33.9065543], [0.005748, 31.50125081], [0.005938, 29.35298121]]",48,quantum,1,
precond_pen=1.800,12,-0.7009293307240005,29.352981206389988,1.8,2,0.030997037887573242,0.006994962692260742,0.0,100001101101,+----++-++-+,0,True,"[[0.000222, 33.9065543], [0.006746, 31.791776], [0.006995, 29.35298121]]",48,quantum,1,
precond_pen=1.900,12,-0.6855466303500002,29.352981206389988,1.9,2,0.029434919357299805,0.00704503059387207,0.0,100001101101,+----++-++-+,0,True,"[[0.000228, 33.9065543], [0.007045, 29.35298121]]",48,quantum,1,
precond_pen=2.000,12,-0.6719339445710055,29.352981206389988,2.0,2,0.022449016571044922,0.006864070892333984,0.0,011110010010,-++++--+--+-,0,True,"[[0.000196, 33.9065543], [0.006369, 31.69536721], [0.006708, 29.61074151], [0.006864, 29.35298121]]",48,quantum,1,
baseline,12,29.829168161196993,29.829168161196996,,2,0.05272483825683594,0.007150888442993164,0.0,110101001001,++-+-+--+--+,0,True,"[[0.000149, 38.28811164], [0.006968, 37.69219056], [0.007151, 29.82916816]]",49,quantum,1,
precond_pen=1.100,12,-0.9786637488569987,29.829168161196996,1.1,2,0.031796932220458984,0.02982187271118164,0.0,110101001001,++-+-+--+--+,0,True,"[[0.000149, 38.28811164], [0.006365, 32.46353515], [0.006572, 29.93621658], [0.029822, 29.82916816]]",49,quantum,1,
precond_pen=1.200,12,-0.9209171235980014,29.829168161196996,1.2,2,0.02619791030883789,0.009656906127929688,0.0,110101001001,++-+-+--+--+,0,True,"[[0.000159, 38.28811164], [0.005732, 32.38178976], [0.006114, 29.93621658], [0.009657, 29.82916816]]",49,quantum,1,
precond_pen=1.300,12,-0.8745823916429991,29.829168161196996,1.3,2,0.033557891845703125,0.030601978302001953,0.0,001010110110,--+-+-++-++-,0,True,"[[0.000166, 38.28811164], [0.0063, 32.38178976], [0.006611, 29.93621658], [0.030602, 29.82916816]]",49,quantum,1,
precond_pen=1.400,12,-0.8365705950529971,29.829168161196996,1.4,2,0.02138495445251465,0.007719993591308594,0.0,110101001001,++-+-+--+--+,0,True,"[[0.000176, 38.28811164], [0.007158, 33.81015925], [0.007565, 30.40455319], [0.00772, 29.82916816]]",49,quantum,1,
precond_pen=1.500,12,-0.804816964011998,29.829168161196996,1.5,2,0.02631092071533203,0.0066089630126953125,0.0,110101001001,++-+-+--+--+,0,True,"[[0.000161, 38.28811164], [0.006392, 31.25936517], [0.006609, 29.82916816]]",49,quantum,1,
precond_pen=1.600,12,-0.7778889778770015,29.829168161196996,1.6,2,0.025279998779296875,0.007016897201538086,0.0,110101001001,++-+-+--+--+,0,True,"[[0.000161, 38.28811164], [0.006739, 31.25936517], [0.007017, 29.82916816]]",49,quantum,1,
precond_pen=1.700,12,-0.7547610831550005,29.829168161196996,1.7,2,0.04532599449157715,0.0425410270690918,0.0,110101001001,++-+-+--+--+,0,True,"[[0.000147, 38.28811164], [0.006428, 30.85830644], [0.006594, 29.93621658], [0.042541, 29.82916816]]",49,quantum,1,
precond_pen=1.800,12,-0.7346797161499978,29.829168161196996,1.8,2,0.058519840240478516,0.04471397399902344,0.0,110101001001,++-+-+--+--+,0,True,"[[0.000145, 38.28811164], [0.005595, 30.85830644], [0.005838, 29.93621658], [0.044714, 29.82916816]]",49,quantum,1,
precond_pen=1.900,12,-4.148012650189002,29.829168161196996,1.9,2,0.015175104141235352,0.010770082473754883,0.0,110101001001,++-+-+--+--+,0,True,"[[0.000173, 38.28811164], [0.006609, 37.56217913], [0.007395, 34.42810664], [0.007694, 30.10812184], [0.01077, 29.82916816]]",49,quantum,1,
precond_pen=2.000,12,-4.055263964942998,29.829168161196996,2.0,2,0.016582012176513672,0.0071599483489990234,0.0,110101001001,++-+-+--+--+,0,True,"[[0.000169, 38.28811164], [0.006746, 32.48811946], [0.00716, 29.82916816]]",49,quantum,1,
